VARIABLES = "x [mm]","p / p<sub>ref</sub>","C<sub>f,x</sub>"
ZONE T="SST-Vm, FUN3D"
4.306000000E+02	1.059598810E+00	1.546669392E-03
4.309016667E+02	1.059646652E+00	1.546598499E-03
4.312033333E+02	1.059687942E+00	1.546530378E-03
4.315050000E+02	1.059731197E+00	1.546462051E-03
4.318066667E+02	1.059774262E+00	1.546393968E-03
4.321083333E+02	1.059817669E+00	1.546327679E-03
4.324100000E+02	1.059861300E+00	1.546262164E-03
4.327116667E+02	1.059904931E+00	1.546196962E-03
4.330133333E+02	1.059948574E+00	1.546131638E-03
4.333150000E+02	1.059992329E+00	1.546066210E-03
4.336166667E+02	1.060036189E+00	1.546000677E-03
4.339183333E+02	1.060079930E+00	1.545935269E-03
4.342200000E+02	1.060123570E+00	1.545870121E-03
4.345216667E+02	1.060167302E+00	1.545805555E-03
4.348233333E+02	1.060210813E+00	1.545741571E-03
4.351250000E+02	1.060254315E+00	1.545678151E-03
4.354266667E+02	1.060297698E+00	1.545615080E-03
4.357283333E+02	1.060340953E+00	1.545552333E-03
4.360300000E+02	1.060383997E+00	1.545489567E-03
4.363316667E+02	1.060427123E+00	1.545426568E-03
4.366333333E+02	1.060469929E+00	1.545363319E-03
4.369350000E+02	1.060512844E+00	1.545299604E-03
4.372366667E+02	1.060555751E+00	1.545235405E-03
4.375383333E+02	1.060598555E+00	1.545170527E-03
4.378400000E+02	1.060641467E+00	1.545105188E-03
4.381416667E+02	1.060684386E+00	1.545039353E-03
4.384433333E+02	1.060727320E+00	1.544972844E-03
4.387450000E+02	1.060770474E+00	1.544905870E-03
4.390466667E+02	1.060813642E+00	1.544838445E-03
4.393483333E+02	1.060857047E+00	1.544770667E-03
4.396500000E+02	1.060900568E+00	1.544702654E-03
4.399516667E+02	1.060944207E+00	1.544634318E-03
4.402533333E+02	1.060987972E+00	1.544565988E-03
4.405550000E+02	1.061031982E+00	1.544497655E-03
4.408566667E+02	1.061076209E+00	1.544429453E-03
4.411583333E+02	1.061120454E+00	1.544361494E-03
4.414600000E+02	1.061164915E+00	1.544293889E-03
4.417616667E+02	1.061209403E+00	1.544226622E-03
4.420633333E+02	1.061254106E+00	1.544159709E-03
4.423650000E+02	1.061298828E+00	1.544093148E-03
4.426666667E+02	1.061343766E+00	1.544026913E-03
4.429683333E+02	1.061388708E+00	1.543960690E-03
4.432700000E+02	1.061433673E+00	1.543894677E-03
4.435716667E+02	1.061478862E+00	1.543828669E-03
4.438733333E+02	1.061524157E+00	1.543762659E-03
4.441750000E+02	1.061569466E+00	1.543696544E-03
4.444766667E+02	1.061614908E+00	1.543630521E-03
4.447783333E+02	1.061660565E+00	1.543564415E-03
4.450800000E+02	1.061706227E+00	1.543498548E-03
4.453816667E+02	1.061752012E+00	1.543432916E-03
4.456833333E+02	1.061797922E+00	1.543367646E-03
4.459850000E+02	1.061843946E+00	1.543302964E-03
4.462866667E+02	1.061890066E+00	1.543238897E-03
4.465883333E+02	1.061936082E+00	1.543175746E-03
4.468900000E+02	1.061982100E+00	1.543113423E-03
4.471916667E+02	1.062028106E+00	1.543052135E-03
4.474933333E+02	1.062073988E+00	1.542991659E-03
4.477950000E+02	1.062119755E+00	1.542931875E-03
4.480966667E+02	1.062165398E+00	1.542872757E-03
4.483983333E+02	1.062210808E+00	1.542813995E-03
4.487000000E+02	1.062256093E+00	1.542755578E-03
4.490016667E+02	1.062301265E+00	1.542697352E-03
4.493033333E+02	1.062346312E+00	1.542638905E-03
4.496050000E+02	1.062391135E+00	1.542580438E-03
4.499066667E+02	1.062435944E+00	1.542521627E-03
4.502083333E+02	1.062480638E+00	1.542462452E-03
4.505100000E+02	1.062525214E+00	1.542402820E-03
4.508116667E+02	1.062569692E+00	1.542342816E-03
4.511133333E+02	1.062614272E+00	1.542282258E-03
4.514150000E+02	1.062658847E+00	1.542221337E-03
4.517166667E+02	1.062703322E+00	1.542159967E-03
4.520183333E+02	1.062747910E+00	1.542098342E-03
4.523200000E+02	1.062792490E+00	1.542036289E-03
4.526216667E+02	1.062837084E+00	1.541974105E-03
4.529233333E+02	1.062881788E+00	1.541911706E-03
4.532250000E+02	1.062926505E+00	1.541849302E-03
4.535266667E+02	1.062971323E+00	1.541786909E-03
4.538283333E+02	1.063016155E+00	1.541724528E-03
4.541300000E+02	1.063061107E+00	1.541662381E-03
4.544316667E+02	1.063106153E+00	1.541600460E-03
4.547333333E+02	1.063150990E+00	1.541538792E-03
4.550350000E+02	1.063196042E+00	1.541477469E-03
4.553366667E+02	1.063240994E+00	1.541416485E-03
4.556383333E+02	1.063286050E+00	1.541355747E-03
4.559400000E+02	1.063330987E+00	1.541295468E-03
4.562416667E+02	1.063375920E+00	1.541235434E-03
4.565433333E+02	1.063420743E+00	1.541175837E-03
4.568450000E+02	1.063465570E+00	1.541116380E-03
4.571466667E+02	1.063510379E+00	1.541057381E-03
4.574483333E+02	1.063555082E+00	1.540998601E-03
4.577500000E+02	1.063599767E+00	1.540939955E-03
4.580516667E+02	1.063644228E+00	1.540881645E-03
4.583533333E+02	1.063688698E+00	1.540823449E-03
4.586550000E+02	1.063733144E+00	1.540765484E-03
4.589566667E+02	1.063777370E+00	1.540707635E-03
4.592583333E+02	1.063821584E+00	1.540649889E-03
4.595600000E+02	1.063865687E+00	1.540592016E-03
4.598616667E+02	1.063909675E+00	1.540534005E-03
4.601633333E+02	1.063953653E+00	1.540475474E-03
4.604650000E+02	1.063997528E+00	1.540415701E-03
4.607666667E+02	1.064041529E+00	1.540353532E-03
4.610683333E+02	1.064085693E+00	1.540286627E-03
4.613700000E+02	1.064130590E+00	1.540210585E-03
4.616716667E+02	1.064176540E+00	1.540116693E-03
4.619733333E+02	1.064224931E+00	1.539988350E-03
4.622750000E+02	1.064278046E+00	1.539794116E-03
4.625766667E+02	1.064340261E+00	1.539473314E-03
4.628783333E+02	1.064420205E+00	1.538909500E-03
4.631800000E+02	1.064533950E+00	1.537879461E-03
4.634816667E+02	1.064712934E+00	1.535957001E-03
4.637833333E+02	1.065016285E+00	1.532330028E-03
4.640850000E+02	1.065556554E+00	1.525466388E-03
4.643866667E+02	1.066546361E+00	1.512514344E-03
4.646883333E+02	1.068378891E+00	1.488336472E-03
4.649900000E+02	1.071765328E+00	1.444152739E-03
4.652916667E+02	1.077928077E+00	1.366453862E-03
4.655933333E+02	1.088784678E+00	1.238162877E-03
4.658950000E+02	1.106839916E+00	1.045621771E-03
4.661966667E+02	1.134259164E+00	7.911391729E-04
4.664983333E+02	1.170902976E+00	5.039483003E-04
4.668000000E+02	1.213000233E+00	2.324040656E-04
4.671016667E+02	1.256498071E+00	1.524571337E-05
4.674033333E+02	1.298818863E+00	-1.368824826E-04
4.677050000E+02	1.338063417E+00	-2.322081626E-04
4.680066667E+02	1.373367429E+00	-2.842737245E-04
4.683083333E+02	1.404454020E+00	-3.066424955E-04
4.686100000E+02	1.431364098E+00	-3.097761558E-04
4.689116667E+02	1.454108394E+00	-3.003837790E-04
4.692133333E+02	1.472757970E+00	-2.837231031E-04
4.695150000E+02	1.487614539E+00	-2.652787684E-04
4.698166667E+02	1.499503208E+00	-2.499503453E-04
4.701183333E+02	1.509321768E+00	-2.399747543E-04
4.704200000E+02	1.518008013E+00	-2.349925184E-04
4.707216667E+02	1.526040250E+00	-2.340946185E-04
4.710233333E+02	1.533733941E+00	-2.365339781E-04
4.713250000E+02	1.541309367E+00	-2.414167264E-04
4.716266667E+02	1.549036460E+00	-2.478975642E-04
4.719283333E+02	1.557125658E+00	-2.555436986E-04
4.722300000E+02	1.565605628E+00	-2.642514460E-04
4.725316667E+02	1.574533226E+00	-2.740742874E-04
4.728333333E+02	1.583945319E+00	-2.850003800E-04
4.731350000E+02	1.593849915E+00	-2.967504132E-04
4.734366667E+02	1.604191988E+00	-3.087457621E-04
4.737383333E+02	1.614864701E+00	-3.203529000E-04
4.740400000E+02	1.625734719E+00	-3.309814779E-04
4.743416667E+02	1.636666425E+00	-3.401163446E-04
4.746433333E+02	1.647542413E+00	-3.474758259E-04
4.749450000E+02	1.658256579E+00	-3.530114755E-04
4.752466667E+02	1.668721267E+00	-3.568284290E-04
4.755483333E+02	1.678868590E+00	-3.591314308E-04
4.758500000E+02	1.688660402E+00	-3.601859857E-04
4.761516667E+02	1.698059252E+00	-3.602851256E-04
4.764533333E+02	1.707065946E+00	-3.596883276E-04
4.767550000E+02	1.715680492E+00	-3.586390590E-04
4.770566667E+02	1.723913402E+00	-3.573769696E-04
4.773583333E+02	1.731784342E+00	-3.561058369E-04
4.776600000E+02	1.739315254E+00	-3.550181281E-04
4.779616667E+02	1.746538032E+00	-3.542891478E-04
4.782633333E+02	1.753490783E+00	-3.539872836E-04
4.785650000E+02	1.760233626E+00	-3.539245615E-04
4.788666667E+02	1.766835345E+00	-3.537109238E-04
4.791683333E+02	1.773291816E+00	-3.531742482E-04
4.794700000E+02	1.779517684E+00	-3.524924416E-04
4.797716667E+02	1.785538342E+00	-3.518673629E-04
4.800733333E+02	1.791369716E+00	-3.513611943E-04
4.803750000E+02	1.797042923E+00	-3.509744091E-04
4.806766667E+02	1.802565532E+00	-3.507390407E-04
4.809783333E+02	1.807956683E+00	-3.507790475E-04
4.812800000E+02	1.813204313E+00	-3.512618392E-04
4.815816667E+02	1.818319736E+00	-3.523124007E-04
4.818833333E+02	1.823253748E+00	-3.544006297E-04
4.821850000E+02	1.827981412E+00	-3.584330650E-04
4.824866667E+02	1.832721863E+00	-3.651149802E-04
4.827883333E+02	1.837520232E+00	-3.745302759E-04
4.830900000E+02	1.842488804E+00	-3.861634275E-04
4.833916667E+02	1.847734151E+00	-3.991429008E-04
4.836933333E+02	1.853413397E+00	-4.124258167E-04
4.839950000E+02	1.859486351E+00	-4.248537478E-04
4.842966667E+02	1.866445469E+00	-4.348341881E-04
4.845983333E+02	1.873818737E+00	-4.418766457E-04
4.849000000E+02	1.881291617E+00	-4.470331294E-04
4.852016667E+02	1.889512365E+00	-4.502552195E-04
4.855033333E+02	1.897945830E+00	-4.510842261E-04
4.858050000E+02	1.906972857E+00	-4.494301155E-04
4.861066667E+02	1.916217155E+00	-4.450849763E-04
4.864083333E+02	1.925902263E+00	-4.381856781E-04
4.867100000E+02	1.935772741E+00	-4.289532635E-04
4.870116667E+02	1.945950654E+00	-4.175975838E-04
4.873133333E+02	1.956262419E+00	-4.042600482E-04
4.876150000E+02	1.966769442E+00	-3.890595541E-04
4.879166667E+02	1.977355560E+00	-3.721059267E-04
4.882183333E+02	1.988048414E+00	-3.534949973E-04
4.885200000E+02	1.998764142E+00	-3.333142117E-04
4.888216667E+02	2.009504906E+00	-3.116418378E-04
4.891233333E+02	2.020217556E+00	-2.885717104E-04
4.894250000E+02	2.030884767E+00	-2.641814407E-04
4.897266667E+02	2.041473710E+00	-2.385589825E-04
4.900283333E+02	2.051955838E+00	-2.117921050E-04
4.903300000E+02	2.062306065E+00	-1.839628508E-04
4.906316667E+02	2.072501157E+00	-1.551448346E-04
4.909333333E+02	2.082519677E+00	-1.254142278E-04
4.912350000E+02	2.092336391E+00	-9.485050262E-05
4.915366667E+02	2.101932965E+00	-6.352613433E-05
4.918383333E+02	2.111290735E+00	-3.150700370E-05
4.921400000E+02	2.120392725E+00	1.135739279E-06
4.924416667E+02	2.129219903E+00	3.432452569E-05
4.927433333E+02	2.137758291E+00	6.798693422E-05
4.930450000E+02	2.145994141E+00	1.020559734E-04
4.933466667E+02	2.153916522E+00	1.364594567E-04
4.936483333E+02	2.161511287E+00	1.711239590E-04
4.939500000E+02	2.168770390E+00	2.059895709E-04
4.942516667E+02	2.175685383E+00	2.410022830E-04
4.945533333E+02	2.182249546E+00	2.761040075E-04
4.948550000E+02	2.188458614E+00	3.112227550E-04
4.951566667E+02	2.194298378E+00	3.462890404E-04
4.954583333E+02	2.199776450E+00	3.812501939E-04
4.957600000E+02	2.204876731E+00	4.160590196E-04
4.960616667E+02	2.209614519E+00	4.506672624E-04
4.963633333E+02	2.213967685E+00	4.850400124E-04
4.966650000E+02	2.217964128E+00	5.191478251E-04
4.969666667E+02	2.221569831E+00	5.529560149E-04
4.972683333E+02	2.224826774E+00	5.864375128E-04
4.975700000E+02	2.227689120E+00	6.195600809E-04
4.978716667E+02	2.230214387E+00	6.523076840E-04
4.981733333E+02	2.232342171E+00	6.846550097E-04
4.984750000E+02	2.234148242E+00	7.165776368E-04
4.987766667E+02	2.235553218E+00	7.480492934E-04
4.990783333E+02	2.236657641E+00	7.790549920E-04
4.993800000E+02	2.237358191E+00	8.095951415E-04
4.996816667E+02	2.237795024E+00	8.396283146E-04
4.999833333E+02	2.237817027E+00	8.690171239E-04
5.002850000E+02	2.237550986E+00	8.978963288E-04
5.005866667E+02	2.236959116E+00	9.263556776E-04
5.008883333E+02	2.236054077E+00	9.542691306E-04
5.011900000E+02	2.234842028E+00	9.816193517E-04
5.014916667E+02	2.233331671E+00	1.008406827E-03
5.017933333E+02	2.231531318E+00	1.034627962E-03
5.020950000E+02	2.229448925E+00	1.060282639E-03
5.023966667E+02	2.227093534E+00	1.085364524E-03
5.026983333E+02	2.224474206E+00	1.109872278E-03
5.030000000E+02	2.221598538E+00	1.133815114E-03
5.033016667E+02	2.218475579E+00	1.157192526E-03
5.036033333E+02	2.215114723E+00	1.180004374E-03
5.039050000E+02	2.211524466E+00	1.202258114E-03
5.042066667E+02	2.207713210E+00	1.223959520E-03
5.045083333E+02	2.203689887E+00	1.245115234E-03
5.048100000E+02	2.199462169E+00	1.265732703E-03
5.051116667E+02	2.195040323E+00	1.285812271E-03
5.054133333E+02	2.190430680E+00	1.305370627E-03
5.057150000E+02	2.185642158E+00	1.324411185E-03
5.060166667E+02	2.180682870E+00	1.342942211E-03
5.063183333E+02	2.175561444E+00	1.360966428E-03
5.066200000E+02	2.170286175E+00	1.378492130E-03
5.069216667E+02	2.164865092E+00	1.395526329E-03
5.072233333E+02	2.159305536E+00	1.412077070E-03
5.075250000E+02	2.153617707E+00	1.428146045E-03
5.078266667E+02	2.147806934E+00	1.443747009E-03
5.081283333E+02	2.141882251E+00	1.458884646E-03
5.084300000E+02	2.135850398E+00	1.473568864E-03
5.087316667E+02	2.129720244E+00	1.487806948E-03
5.090333333E+02	2.123498132E+00	1.501609621E-03
5.093350000E+02	2.117190695E+00	1.514987037E-03
5.096366667E+02	2.110804407E+00	1.527950325E-03
5.099383333E+02	2.104347567E+00	1.540507435E-03
5.102400000E+02	2.097822978E+00	1.552676827E-03
5.105416667E+02	2.091237208E+00	1.564468346E-03
5.108433333E+02	2.084594579E+00	1.575894715E-03
5.111450000E+02	2.077901614E+00	1.586966211E-03
5.114466667E+02	2.071161535E+00	1.597697782E-03
5.117483333E+02	2.064378376E+00	1.608102367E-03
5.120500000E+02	2.057555949E+00	1.618191565E-03
5.123516667E+02	2.050697842E+00	1.627975604E-03
5.126533333E+02	2.043805665E+00	1.637468209E-03
5.129550000E+02	2.036884631E+00	1.646678670E-03
5.132566667E+02	2.029935357E+00	1.655620716E-03
5.135583333E+02	2.022961751E+00	1.664295470E-03
5.138600000E+02	2.015964112E+00	1.672702539E-03
5.141616667E+02	2.008945797E+00	1.680835297E-03
5.144633333E+02	2.001910372E+00	1.688692549E-03
5.147650000E+02	1.994858583E+00	1.696270731E-03
5.150666667E+02	1.987791479E+00	1.703555174E-03
5.153683333E+02	1.980710046E+00	1.710537623E-03
5.156700000E+02	1.973618309E+00	1.717224333E-03
5.159716667E+02	1.966519726E+00	1.723631473E-03
5.162733333E+02	1.959413959E+00	1.729777778E-03
5.165750000E+02	1.952305030E+00	1.735674019E-03
5.168766667E+02	1.945196244E+00	1.741328255E-03
5.171783333E+02	1.938088006E+00	1.746752232E-03
5.174800000E+02	1.930982436E+00	1.751961180E-03
5.177816667E+02	1.923880333E+00	1.756969375E-03
5.180833333E+02	1.916784808E+00	1.761783321E-03
5.183850000E+02	1.909698584E+00	1.766406038E-03
5.186866667E+02	1.902620590E+00	1.770845280E-03
5.189883333E+02	1.895553794E+00	1.775109860E-03
5.192900000E+02	1.888500664E+00	1.779208089E-03
5.195916667E+02	1.881460833E+00	1.783145769E-03
5.198933333E+02	1.874435049E+00	1.786926845E-03
5.201950000E+02	1.867423239E+00	1.790557702E-03
5.204966667E+02	1.860427127E+00	1.794044535E-03
5.207983333E+02	1.853448673E+00	1.797394558E-03
5.211000000E+02	1.846485894E+00	1.800613903E-03
5.214016667E+02	1.839541716E+00	1.803704000E-03
5.217033333E+02	1.832615065E+00	1.806668077E-03
5.220050000E+02	1.825704919E+00	1.809510578E-03
5.223066667E+02	1.818813997E+00	1.812234331E-03
5.226083333E+02	1.811940575E+00	1.814845901E-03
5.229100000E+02	1.805086701E+00	1.817350401E-03
5.232116667E+02	1.798253415E+00	1.819749803E-03
5.235133333E+02	1.791438441E+00	1.822044510E-03
5.238150000E+02	1.784644571E+00	1.824232947E-03
5.241166667E+02	1.777871141E+00	1.826316755E-03
5.244183333E+02	1.771117713E+00	1.828300263E-03
5.247200000E+02	1.764387073E+00	1.830187571E-03
5.250216667E+02	1.757677692E+00	1.831981088E-03
5.253233333E+02	1.750990719E+00	1.833679784E-03
5.256250000E+02	1.744328435E+00	1.835283375E-03
5.259266667E+02	1.737688285E+00	1.836793011E-03
5.262283333E+02	1.731073983E+00	1.838209374E-03
5.265300000E+02	1.724483723E+00	1.839535793E-03
5.268316667E+02	1.717918580E+00	1.840776689E-03
5.271333333E+02	1.711379649E+00	1.841935098E-03
5.274350000E+02	1.704866608E+00	1.843012955E-03
5.277366667E+02	1.698379803E+00	1.844010557E-03
5.280383333E+02	1.691919214E+00	1.844928454E-03
5.283400000E+02	1.685483798E+00	1.845767984E-03
5.286416667E+02	1.679078550E+00	1.846533338E-03
5.289433333E+02	1.672698752E+00	1.847228864E-03
5.292450000E+02	1.666347513E+00	1.847857276E-03
5.295466667E+02	1.660022923E+00	1.848419079E-03
5.298483333E+02	1.653727106E+00	1.848913996E-03
5.301500000E+02	1.647457697E+00	1.849341706E-03
5.304516667E+02	1.641216856E+00	1.849704501E-03
5.307533333E+02	1.635001505E+00	1.850007702E-03
5.310550000E+02	1.628817354E+00	1.850257257E-03
5.313566667E+02	1.622658396E+00	1.850459421E-03
5.316583333E+02	1.616527413E+00	1.850617733E-03
5.319600000E+02	1.610420795E+00	1.850730681E-03
5.322616667E+02	1.604340887E+00	1.850794832E-03
5.325633333E+02	1.598284574E+00	1.850807106E-03
5.328650000E+02	1.592254936E+00	1.850765393E-03
5.331666667E+02	1.586248712E+00	1.850668829E-03
5.334683333E+02	1.580272357E+00	1.850517422E-03
5.337700000E+02	1.574320263E+00	1.850312012E-03
5.340716667E+02	1.568396846E+00	1.850052445E-03
5.343733333E+02	1.562499321E+00	1.849736371E-03
5.346750000E+02	1.556631538E+00	1.849362732E-03
5.349766667E+02	1.550790573E+00	1.848933276E-03
5.352783333E+02	1.544979971E+00	1.848450577E-03
5.355800000E+02	1.539195930E+00	1.847918099E-03
5.358816667E+02	1.533445316E+00	1.847339162E-03
5.361833333E+02	1.527721715E+00	1.846714978E-03
5.364850000E+02	1.522030472E+00	1.846045901E-03
5.367866667E+02	1.516365083E+00	1.845332463E-03
5.370883333E+02	1.510732232E+00	1.844576480E-03
5.373900000E+02	1.505126868E+00	1.843781759E-03
5.376916667E+02	1.499552518E+00	1.842953405E-03
5.379933333E+02	1.494004100E+00	1.842092808E-03
5.382950000E+02	1.488488183E+00	1.841192371E-03
5.385966667E+02	1.482999275E+00	1.840235962E-03
5.388983333E+02	1.477544473E+00	1.839213501E-03
5.392000000E+02	1.472121456E+00	1.838156098E-03
5.394999999E+02	1.466760178E+00	1.837108517E-03
5.398008820E+02	1.461405565E+00	1.836042913E-03
5.401026478E+02	1.456067493E+00	1.834922729E-03
5.404052988E+02	1.450740438E+00	1.833764604E-03
5.407088368E+02	1.445431476E+00	1.832571116E-03
5.410132634E+02	1.440133168E+00	1.831342436E-03
5.413185802E+02	1.434853127E+00	1.830079546E-03
5.416247888E+02	1.429583977E+00	1.828781131E-03
5.419318909E+02	1.424333866E+00	1.827447492E-03
5.422398881E+02	1.419096382E+00	1.826077457E-03
5.425487820E+02	1.413875452E+00	1.824668919E-03
5.428585742E+02	1.408668255E+00	1.823222242E-03
5.431692663E+02	1.403478791E+00	1.821739191E-03
5.434808599E+02	1.398303719E+00	1.820222911E-03
5.437933566E+02	1.393147135E+00	1.818675237E-03
5.441067581E+02	1.388004064E+00	1.817097794E-03
5.444210658E+02	1.382879489E+00	1.815490221E-03
5.447362815E+02	1.377768978E+00	1.813853014E-03
5.450524065E+02	1.372678668E+00	1.812186240E-03
5.453694427E+02	1.367601638E+00	1.810489710E-03
5.456873914E+02	1.362544464E+00	1.808763285E-03
5.460062543E+02	1.357502367E+00	1.807006830E-03
5.463260329E+02	1.352479442E+00	1.805219009E-03
5.466467288E+02	1.347470764E+00	1.803400448E-03
5.469683436E+02	1.342482439E+00	1.801552550E-03
5.472908788E+02	1.337508514E+00	1.799676881E-03
5.476143359E+02	1.332556014E+00	1.797774292E-03
5.479387164E+02	1.327618224E+00	1.795844733E-03
5.482640221E+02	1.322700978E+00	1.793889123E-03
5.485902542E+02	1.317798793E+00	1.791908346E-03
5.489174144E+02	1.312917885E+00	1.789902846E-03
5.492455042E+02	1.308052076E+00	1.787872982E-03
5.495745250E+02	1.303208483E+00	1.785819300E-03
5.499044785E+02	1.298380393E+00	1.783741691E-03
5.502353660E+02	1.293574646E+00	1.781640537E-03
5.505671892E+02	1.288783828E+00	1.779514973E-03
5.508999494E+02	1.284014950E+00	1.777366022E-03
5.512336481E+02	1.279263632E+00	1.775194048E-03
5.515682870E+02	1.274534442E+00	1.772998602E-03
5.519038674E+02	1.269821751E+00	1.770780684E-03
5.522403907E+02	1.265131756E+00	1.768540916E-03
5.525778585E+02	1.260459975E+00	1.766280363E-03
5.529162723E+02	1.255810457E+00	1.763997691E-03
5.532556334E+02	1.251178611E+00	1.761693201E-03
5.535959433E+02	1.246571066E+00	1.759366695E-03
5.539372035E+02	1.241980865E+00	1.757018459E-03
5.542794153E+02	1.237415566E+00	1.754648971E-03
5.546225802E+02	1.232868569E+00	1.752258116E-03
5.549666996E+02	1.228345573E+00	1.749845979E-03
5.553117750E+02	1.223843080E+00	1.747414053E-03
5.556578077E+02	1.219364507E+00	1.744959914E-03
5.560047991E+02	1.214906584E+00	1.742483410E-03
5.563527508E+02	1.210473713E+00	1.739980674E-03
5.567016638E+02	1.206061249E+00	1.737453463E-03
5.570515399E+02	1.201674970E+00	1.734903457E-03
5.574023802E+02	1.197309107E+00	1.732333898E-03
5.577541861E+02	1.192970686E+00	1.729746749E-03
5.581069590E+02	1.188653003E+00	1.727143793E-03
5.584607003E+02	1.184363185E+00	1.724525942E-03
5.588154113E+02	1.180094248E+00	1.721893901E-03
5.591710934E+02	1.175852764E+00	1.719247130E-03
5.595277478E+02	1.171633051E+00	1.716585440E-03
5.598853759E+02	1.167441085E+00	1.713906628E-03
5.602439790E+02	1.163270767E+00	1.711208439E-03
5.606035584E+02	1.159129921E+00	1.708488360E-03
5.609641155E+02	1.155010680E+00	1.705744830E-03
5.613256515E+02	1.150922213E+00	1.702978582E-03
5.616881677E+02	1.146856968E+00	1.700187870E-03
5.620516654E+02	1.142823857E+00	1.697371131E-03
5.624161458E+02	1.138817354E+00	1.694526290E-03
5.627816103E+02	1.134845191E+00	1.691651564E-03
5.631480600E+02	1.130901560E+00	1.688746560E-03
5.635154963E+02	1.126994343E+00	1.685811995E-03
5.638839204E+02	1.123118593E+00	1.682849082E-03
5.642533334E+02	1.119281815E+00	1.679859691E-03
5.646237367E+02	1.115477990E+00	1.676844046E-03
5.649951314E+02	1.111714707E+00	1.673803129E-03
5.653675188E+02	1.107988036E+00	1.670736166E-03
5.657409000E+02	1.104303459E+00	1.667640316E-03
5.661152762E+02	1.100657767E+00	1.664511826E-03
5.664906486E+02	1.097058403E+00	1.661349209E-03
5.668670185E+02	1.093501941E+00	1.658148352E-03
5.672443869E+02	1.089995569E+00	1.654910016E-03
5.676227551E+02	1.086536817E+00	1.651635998E-03
5.680021240E+02	1.083130237E+00	1.648327429E-03
5.683824950E+02	1.079775749E+00	1.644987427E-03
5.687638691E+02	1.076477236E+00	1.641612917E-03
5.691462475E+02	1.073233589E+00	1.638203952E-03
5.695296312E+02	1.070049233E+00	1.634758605E-03
5.699140214E+02	1.066922779E+00	1.631279013E-03
5.702994191E+02	1.063860238E+00	1.627765782E-03
5.706858255E+02	1.060859501E+00	1.624219645E-03
5.710732417E+02	1.057927955E+00	1.620641833E-03
5.714616685E+02	1.055062682E+00	1.617030381E-03
5.718511072E+02	1.052270661E+00	1.613384613E-03
5.722415588E+02	1.049549484E+00	1.609703192E-03
5.726330244E+02	1.046907420E+00	1.605988517E-03
5.730255048E+02	1.044341067E+00	1.602237998E-03
5.734190012E+02	1.041858426E+00	1.598451666E-03
5.738135146E+02	1.039457159E+00	1.594627070E-03
5.742090459E+02	1.037145172E+00	1.590763525E-03
5.746055962E+02	1.034920033E+00	1.586860618E-03
5.750031664E+02	1.032789763E+00	1.582922494E-03
5.754017575E+02	1.030751979E+00	1.578952409E-03
5.758013704E+02	1.028814146E+00	1.574952150E-03
5.762020062E+02	1.026974390E+00	1.570924618E-03
5.766036657E+02	1.025240062E+00	1.566872478E-03
5.770063497E+02	1.023608700E+00	1.562800423E-03
5.774100594E+02	1.022087711E+00	1.558711306E-03
5.778147955E+02	1.020673683E+00	1.554611614E-03
5.782205591E+02	1.019374068E+00	1.550505048E-03
5.786273509E+02	1.018184301E+00	1.546399896E-03
5.790351717E+02	1.017112400E+00	1.542301947E-03
5.794440226E+02	1.016151832E+00	1.538220648E-03
5.798539042E+02	1.015310955E+00	1.534165881E-03
5.802648175E+02	1.014580367E+00	1.530146202E-03
5.806767633E+02	1.013968918E+00	1.526172002E-03
5.810897423E+02	1.013466250E+00	1.522248472E-03
5.815037556E+02	1.013078894E+00	1.518389521E-03
5.819188037E+02	1.012800944E+00	1.514597686E-03
5.823348875E+02	1.012626977E+00	1.510874020E-03
5.827520077E+02	1.012561215E+00	1.507294884E-03
5.831701651E+02	1.012590474E+00	1.503896678E-03
5.835893605E+02	1.012706413E+00	1.500604080E-03
5.840095946E+02	1.012909451E+00	1.497399611E-03
5.844308681E+02	1.013197050E+00	1.494325475E-03
5.848531817E+02	1.013562513E+00	1.491403357E-03
5.852765361E+02	1.013998757E+00	1.488644239E-03
5.857009320E+02	1.014499052E+00	1.486047219E-03
5.861263701E+02	1.015057267E+00	1.483613017E-03
5.865528510E+02	1.015666876E+00	1.481344144E-03
5.869803754E+02	1.016321052E+00	1.479243396E-03
5.874089440E+02	1.017013301E+00	1.477309312E-03
5.878385573E+02	1.017736908E+00	1.475539138E-03
5.882692159E+02	1.018485788E+00	1.473927727E-03
5.887009205E+02	1.019254028E+00	1.472468217E-03
5.891336717E+02	1.020036395E+00	1.471151856E-03
5.895674700E+02	1.020827793E+00	1.469969401E-03
5.900023160E+02	1.021623580E+00	1.468912039E-03
5.904382102E+02	1.022421007E+00	1.467970419E-03
5.908751532E+02	1.023215569E+00	1.467132618E-03
5.913131454E+02	1.024004888E+00	1.466386995E-03
5.917521875E+02	1.024786417E+00	1.465720660E-03
5.921922798E+02	1.025559208E+00	1.465118769E-03
5.926334229E+02	1.026322126E+00	1.464568242E-03
5.930756173E+02	1.027075286E+00	1.464059625E-03
5.935188634E+02	1.027818363E+00	1.463584217E-03
5.939631616E+02	1.028551762E+00	1.463131172E-03
5.944085123E+02	1.029276702E+00	1.462689396E-03
5.948549161E+02	1.029994538E+00	1.462250113E-03
5.953023733E+02	1.030707199E+00	1.461807519E-03
5.957508842E+02	1.031415813E+00	1.461356001E-03
5.962004492E+02	1.032122035E+00	1.460888618E-03
5.966510688E+02	1.032827360E+00	1.460399332E-03
5.971027432E+02	1.033533899E+00	1.459885174E-03
5.975554728E+02	1.034243184E+00	1.459345868E-03
5.980092579E+02	1.034956843E+00	1.458781660E-03
5.984640988E+02	1.035676239E+00	1.458194419E-03
5.989199958E+02	1.036402759E+00	1.457587532E-03
5.993769491E+02	1.037137490E+00	1.456965823E-03
5.998349591E+02	1.037881332E+00	1.456333595E-03
6.002940259E+02	1.038634699E+00	1.455694449E-03
6.007541498E+02	1.039398591E+00	1.455050563E-03
6.012153311E+02	1.040173386E+00	1.454404404E-03
6.016775698E+02	1.040959222E+00	1.453757918E-03
6.021408662E+02	1.041756532E+00	1.453112520E-03
6.026052205E+02	1.042565294E+00	1.452469451E-03
6.030706328E+02	1.043385319E+00	1.451830718E-03
6.035371033E+02	1.044216583E+00	1.451198505E-03
6.040046321E+02	1.045059039E+00	1.450575344E-03
6.044732192E+02	1.045912024E+00	1.449962616E-03
6.049428649E+02	1.046775404E+00	1.449360653E-03
6.054135691E+02	1.047648864E+00	1.448769588E-03
6.058853320E+02	1.048532797E+00	1.448189920E-03
6.063581535E+02	1.049426426E+00	1.447622464E-03
6.068320338E+02	1.050329623E+00	1.447066884E-03
6.073069728E+02	1.051242292E+00	1.446521644E-03
6.077829705E+02	1.052164648E+00	1.445985705E-03
6.082600269E+02	1.053096560E+00	1.445459362E-03
6.087381420E+02	1.054037698E+00	1.444942968E-03
6.092173158E+02	1.054988167E+00	1.444435590E-03
6.096975481E+02	1.055947854E+00	1.443936606E-03
6.101788390E+02	1.056916744E+00	1.443446643E-03
6.106611882E+02	1.057894614E+00	1.442966052E-03
6.111445958E+02	1.058881328E+00	1.442495311E-03
6.116290615E+02	1.059876659E+00	1.442035020E-03
6.121145852E+02	1.060880602E+00	1.441586157E-03
6.126011669E+02	1.061892903E+00	1.441149469E-03
6.130888062E+02	1.062912984E+00	1.440725393E-03
6.135775030E+02	1.063941070E+00	1.440314245E-03
6.140672571E+02	1.064976452E+00	1.439916318E-03
6.145580682E+02	1.066018991E+00	1.439532146E-03
6.150499362E+02	1.067068232E+00	1.439161533E-03
6.155428607E+02	1.068123931E+00	1.438803682E-03
6.160368415E+02	1.069185742E+00	1.438458153E-03
6.165318782E+02	1.070253514E+00	1.438124872E-03
6.170279707E+02	1.071326796E+00	1.437803735E-03
6.175251184E+02	1.072405354E+00	1.437493557E-03
6.180233212E+02	1.073489062E+00	1.437192793E-03
6.185225787E+02	1.074577682E+00	1.436901402E-03
6.190228904E+02	1.075671218E+00	1.436620006E-03
6.195242559E+02	1.076769537E+00	1.436348506E-03
6.200266749E+02	1.077872539E+00	1.436086548E-03
6.205301470E+02	1.078980212E+00	1.435834209E-03
6.210346716E+02	1.080092329E+00	1.435590822E-03
6.215402483E+02	1.081208647E+00	1.435354704E-03
6.220468766E+02	1.082329423E+00	1.435124330E-03
6.225545560E+02	1.083455220E+00	1.434900130E-03
6.230632860E+02	1.084586043E+00	1.434683946E-03
6.235730661E+02	1.085721426E+00	1.434476062E-03
6.240838957E+02	1.086861100E+00	1.434275534E-03
6.245957742E+02	1.088005230E+00	1.434082068E-03
6.251087011E+02	1.089154142E+00	1.433897249E-03
6.256226756E+02	1.090307338E+00	1.433722101E-03
6.261376973E+02	1.091464592E+00	1.433556480E-03
6.266537654E+02	1.092625941E+00	1.433399832E-03
6.271708793E+02	1.093791443E+00	1.433252782E-03
6.276890383E+02	1.094960421E+00	1.433116311E-03
6.282082417E+02	1.096133207E+00	1.432989934E-03
6.287284888E+02	1.097309109E+00	1.432873359E-03
6.292497789E+02	1.098488441E+00	1.432766778E-03
6.297721111E+02	1.099670539E+00	1.432669949E-03
6.302954847E+02	1.100855605E+00	1.432582413E-03
6.308198990E+02	1.102043296E+00	1.432503839E-03
6.313453531E+02	1.103233471E+00	1.432434179E-03
6.318718461E+02	1.104425688E+00	1.432372586E-03
6.323993772E+02	1.105620163E+00	1.432319737E-03
6.329279457E+02	1.106816378E+00	1.432275945E-03
6.334575504E+02	1.108014164E+00	1.432240645E-03
6.339881907E+02	1.109213602E+00	1.432213831E-03
6.345198655E+02	1.110414452E+00	1.432195275E-03
6.350525738E+02	1.111616492E+00	1.432184842E-03
6.355863148E+02	1.112819830E+00	1.432182075E-03
6.361210875E+02	1.114024092E+00	1.432186610E-03
6.366568907E+02	1.115229305E+00	1.432197907E-03
6.371937236E+02	1.116435691E+00	1.432216183E-03
6.377315851E+02	1.117642887E+00	1.432241294E-03
6.382704742E+02	1.118851150E+00	1.432272652E-03
6.388103896E+02	1.120060455E+00	1.432309444E-03
6.393513303E+02	1.121270711E+00	1.432350985E-03
6.398932953E+02	1.122482376E+00	1.432396801E-03
6.404362834E+02	1.123695583E+00	1.432446340E-03
6.409802934E+02	1.124910188E+00	1.432499345E-03
6.415253241E+02	1.126126547E+00	1.432555445E-03
6.420713744E+02	1.127345055E+00	1.432613901E-03
6.426184431E+02	1.128565904E+00	1.432675033E-03
6.431665288E+02	1.129789110E+00	1.432738862E-03
6.437156304E+02	1.131015028E+00	1.432805860E-03
6.442657465E+02	1.132243994E+00	1.432876613E-03
6.448168759E+02	1.133475416E+00	1.432951433E-03
6.453690172E+02	1.134710031E+00	1.433030589E-03
6.459221693E+02	1.135947803E+00	1.433114441E-03
6.464763304E+02	1.137188369E+00	1.433203657E-03
6.470314996E+02	1.138431972E+00	1.433298709E-03
6.475876753E+02	1.139678384E+00	1.433399820E-03
6.481448558E+02	1.140927583E+00	1.433506947E-03
6.487030402E+02	1.142179576E+00	1.433619523E-03
6.492622267E+02	1.143434491E+00	1.433737168E-03
6.498224139E+02	1.144692082E+00	1.433858444E-03
6.503836003E+02	1.145952717E+00	1.433981554E-03
6.509457844E+02	1.147216999E+00	1.434103643E-03
6.515089646E+02	1.148485441E+00	1.434220329E-03
6.520731395E+02	1.149758994E+00	1.434325428E-03
6.526383073E+02	1.151039739E+00	1.434410706E-03
6.532044667E+02	1.152329834E+00	1.434463120E-03
6.537716157E+02	1.153633011E+00	1.434465035E-03
6.543397530E+02	1.154955091E+00	1.434392085E-03
6.549088768E+02	1.156304446E+00	1.434204684E-03
6.554789853E+02	1.157692700E+00	1.433841390E-03
6.560500770E+02	1.159138520E+00	1.433213265E-03
6.566221501E+02	1.160670013E+00	1.432192277E-03
6.571952029E+02	1.162327393E+00	1.430593130E-03
6.577692335E+02	1.164169793E+00	1.428141920E-03
6.583442403E+02	1.166283837E+00	1.424421433E-03
6.589202214E+02	1.168798464E+00	1.418770685E-03
6.594971749E+02	1.171912975E+00	1.410099785E-03
6.600750992E+02	1.175937434E+00	1.396598642E-03
6.606539921E+02	1.181371736E+00	1.375229386E-03
6.612338520E+02	1.189029268E+00	1.341093021E-03
6.618146769E+02	1.200220755E+00	1.287005861E-03
6.623964648E+02	1.216896486E+00	1.204468005E-03
6.629792138E+02	1.241545160E+00	1.087566800E-03
6.635629219E+02	1.276310671E+00	9.410957687E-04
6.641475872E+02	1.320829200E+00	7.878024787E-04
6.647332076E+02	1.370797046E+00	6.633910872E-04
6.653197812E+02	1.422192344E+00	5.952180751E-04
6.659073058E+02	1.469885479E+00	5.829507936E-04
6.664957793E+02	1.511588893E+00	6.094565639E-04
6.670851997E+02	1.546049401E+00	6.608530173E-04
6.676755649E+02	1.573630037E+00	7.263942207E-04
6.682668728E+02	1.595111559E+00	7.959276876E-04
6.688591211E+02	1.611728072E+00	8.626307062E-04
6.694523077E+02	1.624373948E+00	9.233871335E-04
6.700464304E+02	1.633980496E+00	9.776959277E-04
6.706414870E+02	1.641105177E+00	1.026108180E-03
6.712374752E+02	1.646306565E+00	1.069431086E-03
6.718343927E+02	1.649885984E+00	1.108444778E-03
6.724322374E+02	1.652157245E+00	1.144010932E-03
6.730310069E+02	1.653344175E+00	1.176528798E-03
6.736306988E+02	1.653456265E+00	1.205934594E-03
6.742313109E+02	1.652840505E+00	1.232630949E-03
6.748328406E+02	1.651596862E+00	1.256618168E-03
6.754352858E+02	1.649984701E+00	1.277328357E-03
6.760386439E+02	1.648100146E+00	1.294405741E-03
6.766429126E+02	1.646479368E+00	1.307291977E-03
6.772480893E+02	1.645051890E+00	1.315090646E-03
6.778541716E+02	1.644555911E+00	1.317669876E-03
6.784611571E+02	1.645019100E+00	1.315223201E-03
6.790690431E+02	1.647014219E+00	1.307506658E-03
6.796778272E+02	1.650687425E+00	1.293742071E-03
6.802875068E+02	1.656343019E+00	1.272176191E-03
6.808980793E+02	1.665167339E+00	1.242130402E-03
6.815095422E+02	1.676934946E+00	1.204705434E-03
6.821218928E+02	1.692319452E+00	1.161348478E-03
6.827351285E+02	1.711050015E+00	1.115017334E-03
6.833492466E+02	1.732566126E+00	1.071071194E-03
6.839642445E+02	1.755958555E+00	1.036970269E-03
6.845801194E+02	1.779404485E+00	1.018415397E-03
6.851968687E+02	1.801642063E+00	1.015395733E-03
6.858144895E+02	1.821738388E+00	1.025223339E-03
6.864329791E+02	1.838622931E+00	1.045640201E-03
6.870523348E+02	1.852298318E+00	1.073840614E-03
6.876725537E+02	1.862565336E+00	1.106260306E-03
6.882936330E+02	1.870044167E+00	1.139871043E-03
6.889155699E+02	1.874972317E+00	1.172543446E-03
6.895383615E+02	1.877931851E+00	1.202912463E-03
6.901620048E+02	1.879298282E+00	1.230379268E-03
6.907864971E+02	1.879487679E+00	1.255183674E-03
6.914118353E+02	1.878648189E+00	1.277875678E-03
6.920380166E+02	1.877124379E+00	1.298399959E-03
6.926650379E+02	1.875038643E+00	1.316797781E-03
6.932928963E+02	1.872552585E+00	1.333418308E-03
6.939215887E+02	1.869771558E+00	1.348433133E-03
6.945511121E+02	1.866792578E+00	1.362007753E-03
6.951814635E+02	1.863682212E+00	1.374339228E-03
6.958126399E+02	1.860483241E+00	1.385663131E-03
6.964446380E+02	1.857215879E+00	1.396212967E-03
6.970774548E+02	1.853881942E+00	1.406196999E-03
6.977110871E+02	1.850474913E+00	1.415769532E-03
6.983455319E+02	1.846986342E+00	1.425035358E-03
6.989807859E+02	1.843405814E+00	1.434066459E-03
6.996168460E+02	1.839726103E+00	1.442901707E-03
7.002537089E+02	1.835940938E+00	1.451553551E-03
7.008913713E+02	1.832046913E+00	1.460025502E-03
7.015298302E+02	1.828041858E+00	1.468320535E-03
7.021690820E+02	1.823924937E+00	1.476458238E-03
7.028091237E+02	1.819688786E+00	1.484495120E-03
7.034499519E+02	1.815326814E+00	1.492526035E-03
7.040915631E+02	1.810809008E+00	1.500701841E-03
7.047339540E+02	1.806111703E+00	1.509295348E-03
7.053771214E+02	1.801127126E+00	1.518800885E-03
7.060210619E+02	1.795751896E+00	1.530073869E-03
7.066657719E+02	1.789664034E+00	1.544521521E-03
7.073112481E+02	1.782483554E+00	1.564676128E-03
7.079574870E+02	1.773388459E+00	1.595545635E-03
7.086044851E+02	1.760905712E+00	1.647598172E-03
7.092522390E+02	1.741949311E+00	1.747539993E-03
7.099007452E+02	1.710089785E+00	1.981737965E-03
7.105500001E+02	1.642257539E+00	2.806385700E-03
7.112000000E+02	1.512591186E+00	3.463142196E-03
VARIABLES = "x [mm]","p / p<sub>ref</sub>","C<sub>f,x</sub>"
ZONE T="SST-Vm, Wind-US"
4.305999756E+02	1.059855580E+00	1.541440000E-03
4.309020081E+02	1.059895396E+00	1.541310000E-03
4.312030029E+02	1.059915185E+00	1.541280000E-03
4.315050049E+02	1.059941649E+00	1.541180000E-03
4.318070068E+02	1.059968233E+00	1.541110000E-03
4.321080017E+02	1.060001373E+00	1.541030000E-03
4.324100037E+02	1.060034394E+00	1.540960000E-03
4.327119751E+02	1.060060978E+00	1.540890000E-03
4.330130005E+02	1.060094118E+00	1.540830000E-03
4.333150024E+02	1.060127258E+00	1.540750000E-03
4.336170044E+02	1.060160279E+00	1.540680000E-03
4.339179993E+02	1.060193419E+00	1.540620000E-03
4.342200012E+02	1.060233116E+00	1.540550000E-03
4.345220032E+02	1.060266256E+00	1.540480000E-03
4.348229980E+02	1.060299397E+00	1.540400000E-03
4.351250000E+02	1.060339093E+00	1.540320000E-03
4.354270020E+02	1.060378909E+00	1.540240000E-03
4.357280273E+02	1.060412049E+00	1.540170000E-03
4.360299988E+02	1.060451746E+00	1.540090000E-03
4.363320007E+02	1.060491562E+00	1.540020000E-03
4.366329956E+02	1.060531259E+00	1.539940000E-03
4.369349976E+02	1.060570955E+00	1.539870000E-03
4.372369995E+02	1.060610771E+00	1.539790000E-03
4.375379944E+02	1.060650468E+00	1.539720000E-03
4.378400269E+02	1.060696840E+00	1.539650000E-03
4.381419983E+02	1.060736537E+00	1.539580000E-03
4.384429932E+02	1.060776353E+00	1.539510000E-03
4.387449951E+02	1.060816050E+00	1.539450000E-03
4.390469971E+02	1.060862422E+00	1.539380000E-03
4.393480225E+02	1.060902238E+00	1.539310000E-03
4.396499939E+02	1.060948610E+00	1.539240000E-03
4.399519958E+02	1.060988307E+00	1.539170000E-03
4.402529907E+02	1.061034679E+00	1.539100000E-03
4.405549927E+02	1.061081052E+00	1.539040000E-03
4.408569946E+02	1.061120868E+00	1.538980000E-03
4.411579895E+02	1.061167121E+00	1.538910000E-03
4.414600220E+02	1.061213493E+00	1.538840000E-03
4.417619934E+02	1.061259866E+00	1.538770000E-03
4.420630188E+02	1.061306357E+00	1.538700000E-03
4.423649902E+02	1.061352730E+00	1.538630000E-03
4.426669922E+02	1.061398983E+00	1.538560000E-03
4.429680176E+02	1.061445355E+00	1.538500000E-03
4.432699890E+02	1.061491728E+00	1.538440000E-03
4.435720215E+02	1.061538100E+00	1.538370000E-03
4.438729858E+02	1.061591148E+00	1.538300000E-03
4.441750183E+02	1.061637521E+00	1.538230000E-03
4.444769897E+02	1.061683893E+00	1.538170000E-03
4.447779846E+02	1.061730266E+00	1.538100000E-03
4.450800171E+02	1.061783195E+00	1.538040000E-03
4.453819885E+02	1.061829567E+00	1.537970000E-03
4.456830139E+02	1.061882615E+00	1.537910000E-03
4.459849854E+02	1.061928988E+00	1.537850000E-03
4.462870178E+02	1.061982036E+00	1.537790000E-03
4.465880127E+02	1.062034965E+00	1.537730000E-03
4.468899841E+02	1.062081337E+00	1.537670000E-03
4.471920166E+02	1.062134266E+00	1.537610000E-03
4.474929810E+02	1.062187314E+00	1.537540000E-03
4.477950134E+02	1.062233686E+00	1.537480000E-03
4.480969849E+02	1.062286615E+00	1.537410000E-03
4.483979797E+02	1.062339664E+00	1.537350000E-03
4.487000122E+02	1.062392592E+00	1.537300000E-03
4.490019836E+02	1.062438965E+00	1.537240000E-03
4.493030090E+02	1.062492013E+00	1.537180000E-03
4.496049805E+02	1.062545061E+00	1.537130000E-03
4.499070129E+02	1.062597990E+00	1.537080000E-03
4.502080078E+02	1.062651038E+00	1.537020000E-03
4.505100098E+02	1.062703967E+00	1.536970000E-03
4.508120117E+02	1.062750340E+00	1.536910000E-03
4.511129761E+02	1.062803388E+00	1.536860000E-03
4.514150085E+02	1.062856317E+00	1.536800000E-03
4.517169800E+02	1.062909365E+00	1.536740000E-03
4.520180054E+02	1.062962294E+00	1.536690000E-03
4.523200073E+02	1.063015342E+00	1.536640000E-03
4.526220093E+02	1.063061714E+00	1.536590000E-03
4.529230042E+02	1.063114643E+00	1.536540000E-03
4.532249756E+02	1.063167691E+00	1.536480000E-03
4.535270081E+02	1.063220620E+00	1.536430000E-03
4.538280029E+02	1.063273668E+00	1.536370000E-03
4.541300049E+02	1.063326716E+00	1.536320000E-03
4.544320068E+02	1.063379645E+00	1.536260000E-03
4.547330017E+02	1.063426018E+00	1.536210000E-03
4.550350037E+02	1.063479066E+00	1.536150000E-03
4.553369751E+02	1.063531995E+00	1.536100000E-03
4.556380005E+02	1.063584924E+00	1.536050000E-03
4.559400024E+02	1.063637972E+00	1.536000000E-03
4.562420044E+02	1.063691020E+00	1.535950000E-03
4.565429993E+02	1.063743949E+00	1.535900000E-03
4.568449707E+02	1.063796997E+00	1.535850000E-03
4.571470032E+02	1.063849926E+00	1.535800000E-03
4.574479980E+02	1.063902974E+00	1.535750000E-03
4.577500000E+02	1.063949347E+00	1.535700000E-03
4.580520020E+02	1.064002395E+00	1.535650000E-03
4.583530273E+02	1.064055324E+00	1.535600000E-03
4.586549988E+02	1.064108372E+00	1.535540000E-03
4.589570007E+02	1.064161301E+00	1.535500000E-03
4.592579956E+02	1.064214230E+00	1.535440000E-03
4.595599976E+02	1.064267278E+00	1.535390000E-03
4.598619995E+02	1.064313650E+00	1.535340000E-03
4.601629944E+02	1.064366698E+00	1.535290000E-03
4.604650269E+02	1.064419627E+00	1.535240000E-03
4.607669983E+02	1.064472675E+00	1.535200000E-03
4.610679932E+02	1.064525604E+00	1.535150000E-03
4.613699951E+02	1.064571977E+00	1.535100000E-03
4.616719971E+02	1.064625025E+00	1.535050000E-03
4.619730225E+02	1.064677954E+00	1.535000000E-03
4.622749939E+02	1.064731002E+00	1.534940000E-03
4.625769958E+02	1.064777374E+00	1.534890000E-03
4.628779907E+02	1.064830422E+00	1.534830000E-03
4.631799927E+02	1.064883351E+00	1.534750000E-03
4.634819946E+02	1.064942956E+00	1.534620000E-03
4.637829895E+02	1.065009117E+00	1.534390000E-03
4.640850220E+02	1.065095305E+00	1.533940000E-03
4.643869934E+02	1.065221190E+00	1.533000000E-03
4.646879883E+02	1.065439701E+00	1.531000000E-03
4.649899902E+02	1.065850496E+00	1.526690000E-03
4.652919922E+02	1.066685200E+00	1.517530000E-03
4.655930176E+02	1.068413973E+00	1.498090000E-03
4.658949890E+02	1.071805596E+00	1.459550000E-03
4.661970215E+02	1.078184724E+00	1.386780000E-03
4.664979858E+02	1.089505434E+00	1.260690000E-03
4.668000183E+02	1.108026624E+00	1.066420000E-03
4.671019897E+02	1.135384440E+00	8.086500000E-04
4.674029846E+02	1.171254396E+00	5.196470000E-04
4.677050171E+02	1.212953687E+00	2.457280000E-04
4.680069885E+02	1.256679773E+00	2.287690000E-05
4.683080139E+02	1.299180508E+00	-1.364520000E-04
4.686099854E+02	1.338587761E+00	-2.385380000E-04
4.689120178E+02	1.374126554E+00	-2.978450000E-04
4.692130127E+02	1.405743837E+00	-3.293030000E-04
4.695149841E+02	1.433777332E+00	-3.442910000E-04
4.698170166E+02	1.458710790E+00	-3.502120000E-04
4.701179810E+02	1.481027603E+00	-3.513710000E-04
4.704200134E+02	1.501158476E+00	-3.501330000E-04
4.707219849E+02	1.519447923E+00	-3.478330000E-04
4.710229797E+02	1.536200404E+00	-3.451640000E-04
4.713250122E+02	1.551648021E+00	-3.424670000E-04
4.716269836E+02	1.565989375E+00	-3.398470000E-04
4.719280090E+02	1.579370141E+00	-3.373380000E-04
4.722299805E+02	1.591922998E+00	-3.350360000E-04
4.725320129E+02	1.603753805E+00	-3.329890000E-04
4.728330078E+02	1.614942074E+00	-3.311820000E-04
4.731350098E+02	1.625573874E+00	-3.295830000E-04
4.734370117E+02	1.635702252E+00	-3.281600000E-04
4.737380066E+02	1.645366907E+00	-3.268880000E-04
4.740400085E+02	1.654620886E+00	-3.257680000E-04
4.743419800E+02	1.663510442E+00	-3.247590000E-04
4.746430054E+02	1.672055602E+00	-3.238150000E-04
4.749450073E+02	1.680282950E+00	-3.229750000E-04
4.752470093E+02	1.688225389E+00	-3.222800000E-04
4.755480042E+02	1.695902705E+00	-3.216910000E-04
4.758499756E+02	1.703341722E+00	-3.211620000E-04
4.761520081E+02	1.710548878E+00	-3.207340000E-04
4.764530029E+02	1.717543960E+00	-3.203870000E-04
4.767550049E+02	1.724346995E+00	-3.200970000E-04
4.770570068E+02	1.730971098E+00	-3.198650000E-04
4.773580017E+02	1.737423062E+00	-3.196790000E-04
4.776600037E+02	1.743709445E+00	-3.195410000E-04
4.779619751E+02	1.749850035E+00	-3.194350000E-04
4.782630005E+02	1.755844951E+00	-3.193570000E-04
4.785650024E+02	1.761700749E+00	-3.193020000E-04
4.788670044E+02	1.767424107E+00	-3.192770000E-04
4.791679993E+02	1.773014903E+00	-3.192830000E-04
4.794700012E+02	1.778493047E+00	-3.193100000E-04
4.797720032E+02	1.783858657E+00	-3.193410000E-04
4.800729980E+02	1.789104939E+00	-3.193570000E-04
4.803750000E+02	1.794245362E+00	-3.193540000E-04
4.806770020E+02	1.799273014E+00	-3.193480000E-04
4.809780273E+02	1.804174900E+00	-3.194940000E-04
4.812799988E+02	1.808964252E+00	-3.200850000E-04
4.815820007E+02	1.813627720E+00	-3.216050000E-04
4.818829956E+02	1.818185091E+00	-3.246680000E-04
4.821849976E+02	1.822669744E+00	-3.298940000E-04
4.824869995E+02	1.827134490E+00	-3.378200000E-04
4.827879944E+02	1.831671953E+00	-3.487030000E-04
4.830900269E+02	1.836381793E+00	-3.624470000E-04
4.833919983E+02	1.841389656E+00	-3.785150000E-04
4.836929932E+02	1.846801519E+00	-3.963690000E-04
4.839949951E+02	1.852869391E+00	-4.136000000E-04
4.842969971E+02	1.859486818E+00	-4.277940000E-04
4.845980225E+02	1.866534948E+00	-4.399170000E-04
4.848999939E+02	1.874139547E+00	-4.506560000E-04
4.852020264E+02	1.882340312E+00	-4.588020000E-04
4.855029907E+02	1.891084194E+00	-4.633540000E-04
4.858049927E+02	1.900324941E+00	-4.649730000E-04
4.861069946E+02	1.909989595E+00	-4.636980000E-04
4.864079895E+02	1.920038581E+00	-4.589600000E-04
4.867100220E+02	1.930412054E+00	-4.513740000E-04
4.870119934E+02	1.941063643E+00	-4.413780000E-04
4.873129883E+02	1.951940536E+00	-4.290260000E-04
4.876149902E+02	1.963009596E+00	-4.144100000E-04
4.879169922E+02	1.974210978E+00	-3.976520000E-04
4.882180176E+02	1.985518575E+00	-3.788790000E-04
4.885199890E+02	1.996872306E+00	-3.582280000E-04
4.888220215E+02	2.008246183E+00	-3.358500000E-04
4.891229858E+02	2.019599915E+00	-3.118830000E-04
4.894250183E+02	2.030900717E+00	-2.864590000E-04
4.897269897E+02	2.042115450E+00	-2.596940000E-04
4.900279846E+02	2.053217649E+00	-2.316920000E-04
4.903300171E+02	2.064173937E+00	-2.025520000E-04
4.906319885E+02	2.074964762E+00	-1.723660000E-04
4.909330139E+02	2.085570097E+00	-1.412200000E-04
4.912349854E+02	2.095956802E+00	-1.091980000E-04
4.915370178E+02	2.106111765E+00	-7.637140000E-05
4.918380127E+02	2.116014957E+00	-4.281040000E-05
4.921399841E+02	2.125639677E+00	-8.577850000E-06
4.924420166E+02	2.134979963E+00	2.626920000E-05
4.927429810E+02	2.144008636E+00	6.167700000E-05
4.930450134E+02	2.152712822E+00	9.759430000E-05
4.933469849E+02	2.161079168E+00	1.339690000E-04
4.936479797E+02	2.169094324E+00	1.707510000E-04
4.939500122E+02	2.176738739E+00	2.078920000E-04
4.942519836E+02	2.184005499E+00	2.453310000E-04
4.945530090E+02	2.190881491E+00	2.830120000E-04
4.948549805E+02	2.197353125E+00	3.208750000E-04
4.951570129E+02	2.203414202E+00	3.588560000E-04
4.954580078E+02	2.209058046E+00	3.968940000E-04
4.957599792E+02	2.214271545E+00	4.348960000E-04
4.960620117E+02	2.219060421E+00	4.728050000E-04
4.963630066E+02	2.223412752E+00	5.105660000E-04
4.966650085E+02	2.227327585E+00	5.480920000E-04
4.969669800E+02	2.230812073E+00	5.853240000E-04
4.972680054E+02	2.233865499E+00	6.221980000E-04
4.975700073E+02	2.236482143E+00	6.586400000E-04
4.978720093E+02	2.238681555E+00	6.945860000E-04
4.981730042E+02	2.240463257E+00	7.299600000E-04
4.984749756E+02	2.241841316E+00	7.647020000E-04
4.987770081E+02	2.242821693E+00	7.987470000E-04
4.990780029E+02	2.243411064E+00	8.321720000E-04
4.993800049E+02	2.243656158E+00	8.647850000E-04
4.996820068E+02	2.243517160E+00	8.961940000E-04
4.999830017E+02	2.243013620E+00	9.275030000E-04
5.002850342E+02	2.242212057E+00	9.575610000E-04
5.005869751E+02	2.241086006E+00	9.869110000E-04
5.008880005E+02	2.239648581E+00	1.015430000E-03
5.011900024E+02	2.237919807E+00	1.043140000E-03
5.014920349E+02	2.235918999E+00	1.070020000E-03
5.017930298E+02	2.233653545E+00	1.096080000E-03
5.020949707E+02	2.231136560E+00	1.121340000E-03
5.023970032E+02	2.228380919E+00	1.145810000E-03
5.026979980E+02	2.225393295E+00	1.169520000E-03
5.030000305E+02	2.222193718E+00	1.192490000E-03
5.033019714E+02	2.218789101E+00	1.214760000E-03
5.036029663E+02	2.215185404E+00	1.236350000E-03
5.039049988E+02	2.211403131E+00	1.257260000E-03
5.042070007E+02	2.207435131E+00	1.277540000E-03
5.045080261E+02	2.203301668E+00	1.297200000E-03
5.048099670E+02	2.199009180E+00	1.316260000E-03
5.051119995E+02	2.194557905E+00	1.334760000E-03
5.054129944E+02	2.189960718E+00	1.352720000E-03
5.057150269E+02	2.185217619E+00	1.370150000E-03
5.060170288E+02	2.180342197E+00	1.387070000E-03
5.063179626E+02	2.175334454E+00	1.403500000E-03
5.066199951E+02	2.170207262E+00	1.419460000E-03
5.069219971E+02	2.164960861E+00	1.434960000E-03
5.072230225E+02	2.159601927E+00	1.450030000E-03
5.075250244E+02	2.154130459E+00	1.464690000E-03
5.078269958E+02	2.148559570E+00	1.478960000E-03
5.081279907E+02	2.142889261E+00	1.492830000E-03
5.084299927E+02	2.137119532E+00	1.506340000E-03
5.087320251E+02	2.131263733E+00	1.519480000E-03
5.090330200E+02	2.125315189E+00	1.532270000E-03
5.093349915E+02	2.119287252E+00	1.544720000E-03
5.096369934E+02	2.113173246E+00	1.556850000E-03
5.099379883E+02	2.106986046E+00	1.568660000E-03
5.102400208E+02	2.100726366E+00	1.580150000E-03
5.105419617E+02	2.094400167E+00	1.591330000E-03
5.108429871E+02	2.088007927E+00	1.602200000E-03
5.111449890E+02	2.081555843E+00	1.612780000E-03
5.114470215E+02	2.075051069E+00	1.623080000E-03
5.117480164E+02	2.068493128E+00	1.633090000E-03
5.120499878E+02	2.061882019E+00	1.642820000E-03
5.123519897E+02	2.055218220E+00	1.652280000E-03
5.126530151E+02	2.048521042E+00	1.661450000E-03
5.129550171E+02	2.041784286E+00	1.670360000E-03
5.132570190E+02	2.035014391E+00	1.679020000E-03
5.135579834E+02	2.028218031E+00	1.687440000E-03
5.138599854E+02	2.021381855E+00	1.695610000E-03
5.141619873E+02	2.014525652E+00	1.703530000E-03
5.144630127E+02	2.007649899E+00	1.711220000E-03
5.147650146E+02	2.000747442E+00	1.718600000E-03
5.150669556E+02	1.993831992E+00	1.725670000E-03
5.153679810E+02	1.986896396E+00	1.732450000E-03
5.156699829E+02	1.979940891E+00	1.738990000E-03
5.159720459E+02	1.972978950E+00	1.745260000E-03
5.162730103E+02	1.965997100E+00	1.751240000E-03
5.165749512E+02	1.959008574E+00	1.756970000E-03
5.168770142E+02	1.952006817E+00	1.762490000E-03
5.171779785E+02	1.944998384E+00	1.767850000E-03
5.174800415E+02	1.937990069E+00	1.773030000E-03
5.177819824E+02	1.930968523E+00	1.778020000E-03
5.180829468E+02	1.923946857E+00	1.782790000E-03
5.183850098E+02	1.916918516E+00	1.787390000E-03
5.186870117E+02	1.909896851E+00	1.791820000E-03
5.189880371E+02	1.902875185E+00	1.796130000E-03
5.192899780E+02	1.895853639E+00	1.800290000E-03
5.195919800E+02	1.888838649E+00	1.804290000E-03
5.198930054E+02	1.881823659E+00	1.808120000E-03
5.201950073E+02	1.874808669E+00	1.811780000E-03
5.204970093E+02	1.867806911E+00	1.815300000E-03
5.207980347E+02	1.860818386E+00	1.818690000E-03
5.210999756E+02	1.853829861E+00	1.821960000E-03
5.214019775E+02	1.846861124E+00	1.825120000E-03
5.217030029E+02	1.839899182E+00	1.828150000E-03
5.220050049E+02	1.832950354E+00	1.831030000E-03
5.223070068E+02	1.826008320E+00	1.833760000E-03
5.226079712E+02	1.819086075E+00	1.836340000E-03
5.229099731E+02	1.812183619E+00	1.838800000E-03
5.232120361E+02	1.805294394E+00	1.841160000E-03
5.235130005E+02	1.798431873E+00	1.843420000E-03
5.238150024E+02	1.791582346E+00	1.845580000E-03
5.241170044E+02	1.784759521E+00	1.847620000E-03
5.244179688E+02	1.777949929E+00	1.849540000E-03
5.247200317E+02	1.771166682E+00	1.851340000E-03
5.250219727E+02	1.764410019E+00	1.853030000E-03
5.253229980E+02	1.757666588E+00	1.854630000E-03
5.256250000E+02	1.750949621E+00	1.856150000E-03
5.259270020E+02	1.744259238E+00	1.857600000E-03
5.262280273E+02	1.737595320E+00	1.858970000E-03
5.265300293E+02	1.730951309E+00	1.860270000E-03
5.268319702E+02	1.724327207E+00	1.861510000E-03
5.271329956E+02	1.717722774E+00	1.862660000E-03
5.274349976E+02	1.711145043E+00	1.863720000E-03
5.277369995E+02	1.704580426E+00	1.864710000E-03
5.280380249E+02	1.698042393E+00	1.865640000E-03
5.283399658E+02	1.691530704E+00	1.866500000E-03
5.286420288E+02	1.685032487E+00	1.867300000E-03
5.289429932E+02	1.678560734E+00	1.868040000E-03
5.292449951E+02	1.672108650E+00	1.868730000E-03
5.295469971E+02	1.665683270E+00	1.869340000E-03
5.298479614E+02	1.659277678E+00	1.869880000E-03
5.301500244E+02	1.652891994E+00	1.870350000E-03
5.304520264E+02	1.646526217E+00	1.870730000E-03
5.307529907E+02	1.640193343E+00	1.871040000E-03
5.310549927E+02	1.633873940E+00	1.871280000E-03
5.313569946E+02	1.627587557E+00	1.871450000E-03
5.316580200E+02	1.621327758E+00	1.871560000E-03
5.319600220E+02	1.615087748E+00	1.871600000E-03
5.322620239E+02	1.608880877E+00	1.871580000E-03
5.325629883E+02	1.602700472E+00	1.871500000E-03
5.328649902E+02	1.596546769E+00	1.871340000E-03
5.331669922E+02	1.590425968E+00	1.871110000E-03
5.334680176E+02	1.584331751E+00	1.870810000E-03
5.337700195E+02	1.578270555E+00	1.870430000E-03
5.340719604E+02	1.572235942E+00	1.869990000E-03
5.343729858E+02	1.566241145E+00	1.869490000E-03
5.346749878E+02	1.560279369E+00	1.868920000E-03
5.349769897E+02	1.554343939E+00	1.868280000E-03
5.352780151E+02	1.548455119E+00	1.867590000E-03
5.355799561E+02	1.542592764E+00	1.866830000E-03
5.358820190E+02	1.536776662E+00	1.866020000E-03
5.361829834E+02	1.530987144E+00	1.865150000E-03
5.364850464E+02	1.525237441E+00	1.864230000E-03
5.367869873E+02	1.519527316E+00	1.863250000E-03
5.370879517E+02	1.513857007E+00	1.862230000E-03
5.373900146E+02	1.508213282E+00	1.861190000E-03
5.376920166E+02	1.502615809E+00	1.860110000E-03
5.379930420E+02	1.497044802E+00	1.859050000E-03
5.382949829E+02	1.491507053E+00	1.857960000E-03
5.385969849E+02	1.486015558E+00	1.856950000E-03
5.388980103E+02	1.480530858E+00	1.855480000E-03
5.392000122E+02	1.475118756E+00	1.854280000E-03
5.395000000E+02	1.469766498E+00	1.853080000E-03
5.398010254E+02	1.464414120E+00	1.851780000E-03
5.401030273E+02	1.459068418E+00	1.850490000E-03
5.404049683E+02	1.453742623E+00	1.849240000E-03
5.407090454E+02	1.448423386E+00	1.848020000E-03
5.410130005E+02	1.443117380E+00	1.846810000E-03
5.413190308E+02	1.437818050E+00	1.845590000E-03
5.416250000E+02	1.432525277E+00	1.844350000E-03
5.419320068E+02	1.427239299E+00	1.843080000E-03
5.422400513E+02	1.421959758E+00	1.841770000E-03
5.425490112E+02	1.416686893E+00	1.840430000E-03
5.428590088E+02	1.411427259E+00	1.839040000E-03
5.431690063E+02	1.406174421E+00	1.837610000E-03
5.434810181E+02	1.400927901E+00	1.836130000E-03
5.437930298E+02	1.395694852E+00	1.834600000E-03
5.441069946E+02	1.390468478E+00	1.833010000E-03
5.444210205E+02	1.385261774E+00	1.831370000E-03
5.447360229E+02	1.380068541E+00	1.829670000E-03
5.450520020E+02	1.374888301E+00	1.827920000E-03
5.453690186E+02	1.369721413E+00	1.826100000E-03
5.456870117E+02	1.364581108E+00	1.824230000E-03
5.460060425E+02	1.359460592E+00	1.822300000E-03
5.463259888E+02	1.354359984E+00	1.820330000E-03
5.466470337E+02	1.349285841E+00	1.818300000E-03
5.469679565E+02	1.344224930E+00	1.816240000E-03
5.472909546E+02	1.339197278E+00	1.814120000E-03
5.476139526E+02	1.334189296E+00	1.811990000E-03
5.479390259E+02	1.329208016E+00	1.809820000E-03
5.482640381E+02	1.324246526E+00	1.807630000E-03
5.485900269E+02	1.319311500E+00	1.805430000E-03
5.489169922E+02	1.314396381E+00	1.803210000E-03
5.492460327E+02	1.309501052E+00	1.801000000E-03
5.495749512E+02	1.304632306E+00	1.798780000E-03
5.499050293E+02	1.299776673E+00	1.796570000E-03
5.502349854E+02	1.294947743E+00	1.794350000E-03
5.505669556E+02	1.290131927E+00	1.792130000E-03
5.508999634E+02	1.285329461E+00	1.789910000E-03
5.512340088E+02	1.280546784E+00	1.787670000E-03
5.515679932E+02	1.275784016E+00	1.785420000E-03
5.519040527E+02	1.271034479E+00	1.783150000E-03
5.522399902E+02	1.266304851E+00	1.780860000E-03
5.525780029E+02	1.261588335E+00	1.778550000E-03
5.529160156E+02	1.256891847E+00	1.776210000E-03
5.532559814E+02	1.252215147E+00	1.773840000E-03
5.535960083E+02	1.247558355E+00	1.771440000E-03
5.539370117E+02	1.242914915E+00	1.769020000E-03
5.542790527E+02	1.238297701E+00	1.766550000E-03
5.546229858E+02	1.233707309E+00	1.764060000E-03
5.549669800E+02	1.229129791E+00	1.761540000E-03
5.553119507E+02	1.224579096E+00	1.758990000E-03
5.556579590E+02	1.220054746E+00	1.756420000E-03
5.560050049E+02	1.215550303E+00	1.753820000E-03
5.563529663E+02	1.211072326E+00	1.751210000E-03
5.567020264E+02	1.206614375E+00	1.748590000E-03
5.570520020E+02	1.202176213E+00	1.745950000E-03
5.574020386E+02	1.197771072E+00	1.743310000E-03
5.577539673E+02	1.193379164E+00	1.740660000E-03
5.581069946E+02	1.189013839E+00	1.737990000E-03
5.584609985E+02	1.184668422E+00	1.735300000E-03
5.588150024E+02	1.180349469E+00	1.732580000E-03
5.591710205E+02	1.176050305E+00	1.729850000E-03
5.595280151E+02	1.171777725E+00	1.727100000E-03
5.598850098E+02	1.167518377E+00	1.724320000E-03
5.602440186E+02	1.163292170E+00	1.721520000E-03
5.606040039E+02	1.159085870E+00	1.718710000E-03
5.609639893E+02	1.154905915E+00	1.715880000E-03
5.613260498E+02	1.150752544E+00	1.713020000E-03
5.616879883E+02	1.146619081E+00	1.710130000E-03
5.620520020E+02	1.142518640E+00	1.707220000E-03
5.624160156E+02	1.138444781E+00	1.704280000E-03
5.627819824E+02	1.134404063E+00	1.701320000E-03
5.631480103E+02	1.130389810E+00	1.698330000E-03
5.635159912E+02	1.126402140E+00	1.695320000E-03
5.638840332E+02	1.122454166E+00	1.692290000E-03
5.642529907E+02	1.118532538E+00	1.689240000E-03
5.646240234E+02	1.114644170E+00	1.686170000E-03
5.649949951E+02	1.110795617E+00	1.683090000E-03
5.653679810E+02	1.106973410E+00	1.679980000E-03
5.657410278E+02	1.103191018E+00	1.676860000E-03
5.661150513E+02	1.099441767E+00	1.673710000E-03
5.664910278E+02	1.095732212E+00	1.670550000E-03
5.668670044E+02	1.092062354E+00	1.667370000E-03
5.672440186E+02	1.088432193E+00	1.664170000E-03
5.676230469E+02	1.084835410E+00	1.660930000E-03
5.680020142E+02	1.081284761E+00	1.657670000E-03
5.683829956E+02	1.077780604E+00	1.654370000E-03
5.687639771E+02	1.074322820E+00	1.651030000E-03
5.691459961E+02	1.070911407E+00	1.647670000E-03
5.695300293E+02	1.067546248E+00	1.644260000E-03
5.699140015E+02	1.064240813E+00	1.640790000E-03
5.702990112E+02	1.060988307E+00	1.637270000E-03
5.706859741E+02	1.057795525E+00	1.633680000E-03
5.710729980E+02	1.054668903E+00	1.630040000E-03
5.714619751E+02	1.051615119E+00	1.626330000E-03
5.718510132E+02	1.048627615E+00	1.622550000E-03
5.722420044E+02	1.045719624E+00	1.618680000E-03
5.726330566E+02	1.042891026E+00	1.614740000E-03
5.730260010E+02	1.040148616E+00	1.610720000E-03
5.734189453E+02	1.037505627E+00	1.606600000E-03
5.738139648E+02	1.034955263E+00	1.602400000E-03
5.742089844E+02	1.032504320E+00	1.598110000E-03
5.746060181E+02	1.030166030E+00	1.593710000E-03
5.750030518E+02	1.027946830E+00	1.589230000E-03
5.754020386E+02	1.025847077E+00	1.584660000E-03
5.758010254E+02	1.023866415E+00	1.580010000E-03
5.762019653E+02	1.022018194E+00	1.575310000E-03
5.766040039E+02	1.020295978E+00	1.570540000E-03
5.770059814E+02	1.018719435E+00	1.565730000E-03
5.774099731E+02	1.017282009E+00	1.560870000E-03
5.778150024E+02	1.015983701E+00	1.555980000E-03
5.782210083E+02	1.014837623E+00	1.551100000E-03
5.786270142E+02	1.013830781E+00	1.546220000E-03
5.790349731E+02	1.012976289E+00	1.541360000E-03
5.794439697E+02	1.012274146E+00	1.536550000E-03
5.798540039E+02	1.011711001E+00	1.531820000E-03
5.802650146E+02	1.011287093E+00	1.527150000E-03
5.806770020E+02	1.011022091E+00	1.522730000E-03
5.810899658E+02	1.010856509E+00	1.517820000E-03
5.815039673E+02	1.010863185E+00	1.513980000E-03
5.819190063E+02	1.010975838E+00	1.509680000E-03
5.823350220E+02	1.011201024E+00	1.505830000E-03
5.827520142E+02	1.011525631E+00	1.502160000E-03
5.831699829E+02	1.011949539E+00	1.498690000E-03
5.835889893E+02	1.012459517E+00	1.495430000E-03
5.840100098E+02	1.013049126E+00	1.492420000E-03
5.844309692E+02	1.013704896E+00	1.489660000E-03
5.848529663E+02	1.014413714E+00	1.487140000E-03
5.852770386E+02	1.015162230E+00	1.484850000E-03
5.857009888E+02	1.015957117E+00	1.482780000E-03
5.861260376E+02	1.016778588E+00	1.480930000E-03
5.865529785E+02	1.017619848E+00	1.479270000E-03
5.869799805E+02	1.018474340E+00	1.477800000E-03
5.874089966E+02	1.019335508E+00	1.476490000E-03
5.878389893E+02	1.020209908E+00	1.475310000E-03
5.882689819E+02	1.021077633E+00	1.474250000E-03
5.887009888E+02	1.021952033E+00	1.473290000E-03
5.891339722E+02	1.022813201E+00	1.472420000E-03
5.895670166E+02	1.023674250E+00	1.471620000E-03
5.900020142E+02	1.024535418E+00	1.470880000E-03
5.904379883E+02	1.025383353E+00	1.470200000E-03
5.908750000E+02	1.026231289E+00	1.469560000E-03
5.913129883E+02	1.027072549E+00	1.468950000E-03
5.917520142E+02	1.027907133E+00	1.468360000E-03
5.921920166E+02	1.028735161E+00	1.467800000E-03
5.926329956E+02	1.029556632E+00	1.467290000E-03
5.930759888E+02	1.030371428E+00	1.466780000E-03
5.935189819E+02	1.031186104E+00	1.466290000E-03
5.939630127E+02	1.031994343E+00	1.465820000E-03
5.944089966E+02	1.032795787E+00	1.465370000E-03
5.948549805E+02	1.033597350E+00	1.464950000E-03
5.953020020E+02	1.034392238E+00	1.464530000E-03
5.957509766E+02	1.035180449E+00	1.464110000E-03
5.962000122E+02	1.035962105E+00	1.463680000E-03
5.966510010E+02	1.036737204E+00	1.463240000E-03
5.971030273E+02	1.037512183E+00	1.462790000E-03
5.975559692E+02	1.038287282E+00	1.462310000E-03
5.980089722E+02	1.039055705E+00	1.461830000E-03
5.984639893E+02	1.039824128E+00	1.461320000E-03
5.989199829E+02	1.040592432E+00	1.460780000E-03
5.993769531E+02	1.041367531E+00	1.460230000E-03
5.998349609E+02	1.042135954E+00	1.459640000E-03
6.002940063E+02	1.042917490E+00	1.459030000E-03
6.007540283E+02	1.043712378E+00	1.458410000E-03
6.012150269E+02	1.044514060E+00	1.457770000E-03
6.016780396E+02	1.045322180E+00	1.457120000E-03
6.021410522E+02	1.046143532E+00	1.456460000E-03
6.026049805E+02	1.046978235E+00	1.455790000E-03
6.030709839E+02	1.047826052E+00	1.455130000E-03
6.035370483E+02	1.048687220E+00	1.454480000E-03
6.040050049E+02	1.049554944E+00	1.453850000E-03
6.044730225E+02	1.050436020E+00	1.453250000E-03
6.049429932E+02	1.051323652E+00	1.452660000E-03
6.054140015E+02	1.052217960E+00	1.452100000E-03
6.058850098E+02	1.053118825E+00	1.451570000E-03
6.063579712E+02	1.054032922E+00	1.451060000E-03
6.068320312E+02	1.054947138E+00	1.450590000E-03
6.073070068E+02	1.055861235E+00	1.450150000E-03
6.077830200E+02	1.056782007E+00	1.449720000E-03
6.082599487E+02	1.057702661E+00	1.449310000E-03
6.087379761E+02	1.058630109E+00	1.448890000E-03
6.092169800E+02	1.059564114E+00	1.448480000E-03
6.096979980E+02	1.060498118E+00	1.448040000E-03
6.101790161E+02	1.061445355E+00	1.447590000E-03
6.106609497E+02	1.062399268E+00	1.447130000E-03
6.111450195E+02	1.063359737E+00	1.446650000E-03
6.116290283E+02	1.064333558E+00	1.446160000E-03
6.121150513E+02	1.065320492E+00	1.445650000E-03
6.126009521E+02	1.066320777E+00	1.445140000E-03
6.130890503E+02	1.067334294E+00	1.444630000E-03
6.135780029E+02	1.068361044E+00	1.444150000E-03
6.140670166E+02	1.069401026E+00	1.443720000E-03
6.145579834E+02	1.070441008E+00	1.443330000E-03
6.150499878E+02	1.071487665E+00	1.442990000E-03
6.155430298E+02	1.072534323E+00	1.442730000E-03
6.160369873E+02	1.073580861E+00	1.442520000E-03
6.165320435E+02	1.074614286E+00	1.442390000E-03
6.170280151E+02	1.075641036E+00	1.442320000E-03
6.175249634E+02	1.076647878E+00	1.442310000E-03
6.180229492E+02	1.077641487E+00	1.442330000E-03
6.185230103E+02	1.078621864E+00	1.442360000E-03
6.190230103E+02	1.079582334E+00	1.442370000E-03
6.195239868E+02	1.080536246E+00	1.442330000E-03
6.200269775E+02	1.081483483E+00	1.442270000E-03
6.205300293E+02	1.082424164E+00	1.442150000E-03
6.210349731E+02	1.083364844E+00	1.441970000E-03
6.215400391E+02	1.084318638E+00	1.441710000E-03
6.220469971E+02	1.085279226E+00	1.441410000E-03
6.225549927E+02	1.086253047E+00	1.441040000E-03
6.230630493E+02	1.087253213E+00	1.440630000E-03
6.235729980E+02	1.088266611E+00	1.440190000E-03
6.240839844E+02	1.089306712E+00	1.439740000E-03
6.245960083E+02	1.090360045E+00	1.439290000E-03
6.251090088E+02	1.091446280E+00	1.438850000E-03
6.256229858E+02	1.092545986E+00	1.438450000E-03
6.261380005E+02	1.093665361E+00	1.438070000E-03
6.266540527E+02	1.094804764E+00	1.437730000E-03
6.271709595E+02	1.095950723E+00	1.437440000E-03
6.276890259E+02	1.097109914E+00	1.437200000E-03
6.282080078E+02	1.098269105E+00	1.437020000E-03
6.287290039E+02	1.099441767E+00	1.436880000E-03
6.292500000E+02	1.100607514E+00	1.436770000E-03
6.297720337E+02	1.101779938E+00	1.436700000E-03
6.302960205E+02	1.102945924E+00	1.436670000E-03
6.308199463E+02	1.104111791E+00	1.436650000E-03
6.313449707E+02	1.105270982E+00	1.436650000E-03
6.318720093E+02	1.106430173E+00	1.436670000E-03
6.323990479E+02	1.107582808E+00	1.436710000E-03
6.329280396E+02	1.108735323E+00	1.436740000E-03
6.334580078E+02	1.109887958E+00	1.436770000E-03
6.339880371E+02	1.111034036E+00	1.436790000E-03
6.345200195E+02	1.112179995E+00	1.436790000E-03
6.350529785E+02	1.113332629E+00	1.436780000E-03
6.355859985E+02	1.114478588E+00	1.436760000E-03
6.361209717E+02	1.115631223E+00	1.436740000E-03
6.366569824E+02	1.116790414E+00	1.436690000E-03
6.371939697E+02	1.117949724E+00	1.436660000E-03
6.377320557E+02	1.119115591E+00	1.436620000E-03
6.382709961E+02	1.120288014E+00	1.436590000E-03
6.388099976E+02	1.121460557E+00	1.436560000E-03
6.393510132E+02	1.122639537E+00	1.436550000E-03
6.398930054E+02	1.123825312E+00	1.436560000E-03
6.404359741E+02	1.125004411E+00	1.436590000E-03
6.409799805E+02	1.126190066E+00	1.436630000E-03
6.415249634E+02	1.127375841E+00	1.436670000E-03
6.420709839E+02	1.128561616E+00	1.436740000E-03
6.426190186E+02	1.129753947E+00	1.436800000E-03
6.431669922E+02	1.130939722E+00	1.436870000E-03
6.437160034E+02	1.132132053E+00	1.436930000E-03
6.442659912E+02	1.133330941E+00	1.436990000E-03
6.448170166E+02	1.134529948E+00	1.437040000E-03
6.453690186E+02	1.135728955E+00	1.437100000E-03
6.459219971E+02	1.136934519E+00	1.437150000E-03
6.464759521E+02	1.138146758E+00	1.437210000E-03
6.470320435E+02	1.139358997E+00	1.437280000E-03
6.475880127E+02	1.140577912E+00	1.437360000E-03
6.481450195E+02	1.141796708E+00	1.437450000E-03
6.487030029E+02	1.143022180E+00	1.437550000E-03
6.492620239E+02	1.144240975E+00	1.437670000E-03
6.498220215E+02	1.145466447E+00	1.437790000E-03
6.503840332E+02	1.146698594E+00	1.437930000E-03
6.509460449E+02	1.147924066E+00	1.438070000E-03
6.515089722E+02	1.149156213E+00	1.438200000E-03
6.520729980E+02	1.150388241E+00	1.438330000E-03
6.526380005E+02	1.151626945E+00	1.438450000E-03
6.532049561E+02	1.152872324E+00	1.438560000E-03
6.537719727E+02	1.154117703E+00	1.438670000E-03
6.543400269E+02	1.155376315E+00	1.438760000E-03
6.549089966E+02	1.156641483E+00	1.438840000E-03
6.554790039E+02	1.157913327E+00	1.438940000E-03
6.560500488E+02	1.159191847E+00	1.439040000E-03
6.566220093E+02	1.160476923E+00	1.439160000E-03
6.571949463E+02	1.161768675E+00	1.439310000E-03
6.577690430E+02	1.163066983E+00	1.439440000E-03
6.583439941E+02	1.164371848E+00	1.439480000E-03
6.589199829E+02	1.165716648E+00	1.439270000E-03
6.594970093E+02	1.167147398E+00	1.438350000E-03
6.600750122E+02	1.168796897E+00	1.435720000E-03
6.606539917E+02	1.170956373E+00	1.429170000E-03
6.612340088E+02	1.174235344E+00	1.414280000E-03
6.618150024E+02	1.179746628E+00	1.383360000E-03
6.623970337E+02	1.189239025E+00	1.324690000E-03
6.629790039E+02	1.205296159E+00	1.225930000E-03
6.635629883E+02	1.230646849E+00	1.083380000E-03
6.641479492E+02	1.266755223E+00	9.122250000E-04
6.647329712E+02	1.312402487E+00	7.465630000E-04
6.653200073E+02	1.363355637E+00	6.198630000E-04
6.659070435E+02	1.414798975E+00	5.570090000E-04
6.664959717E+02	1.462320924E+00	5.501640000E-04
6.670850220E+02	1.504371285E+00	5.742110000E-04
6.676759644E+02	1.540068865E+00	6.192650000E-04
6.682670288E+02	1.569784999E+00	6.790050000E-04
6.688590088E+02	1.593897104E+00	7.468210000E-04
6.694520264E+02	1.612815738E+00	8.174020000E-04
6.700469971E+02	1.627150416E+00	8.865610000E-04
6.706420288E+02	1.637596726E+00	9.523050000E-04
6.712379761E+02	1.644611716E+00	1.012100000E-03
6.718339844E+02	1.649182439E+00	1.065920000E-03
6.724320068E+02	1.651454449E+00	1.112610000E-03
6.730309448E+02	1.652534246E+00	1.153920000E-03
6.736310425E+02	1.652474642E+00	1.186920000E-03
6.742310181E+02	1.651507497E+00	1.218860000E-03
6.748330078E+02	1.650096536E+00	1.245080000E-03
6.754349976E+02	1.648301363E+00	1.267780000E-03
6.760390015E+02	1.646373749E+00	1.286910000E-03
6.766430054E+02	1.644492507E+00	1.302420000E-03
6.772479858E+02	1.642955661E+00	1.313650000E-03
6.778540039E+02	1.641948700E+00	1.316160000E-03
6.784609985E+02	1.642319798E+00	1.315010000E-03
6.790689697E+02	1.644883275E+00	1.303320000E-03
6.796780396E+02	1.649010181E+00	1.278070000E-03
6.802880249E+02	1.658284068E+00	1.230830000E-03
6.808980103E+02	1.672029257E+00	1.173250000E-03
6.815099487E+02	1.690981030E+00	1.103450000E-03
6.821220093E+02	1.715020180E+00	1.030540000E-03
6.827350464E+02	1.742616534E+00	9.649960000E-04
6.833489990E+02	1.772279501E+00	9.257970000E-04
6.839639893E+02	1.800253510E+00	9.187050000E-04
6.845800171E+02	1.825173616E+00	9.330780000E-04
6.851970215E+02	1.845536351E+00	9.650060000E-04
6.858150024E+02	1.861142874E+00	1.009990000E-03
6.864330444E+02	1.871999979E+00	1.058170000E-03
6.870520020E+02	1.879273295E+00	1.104790000E-03
6.876729736E+02	1.883280993E+00	1.146700000E-03
6.882940063E+02	1.885314584E+00	1.182990000E-03
6.889160156E+02	1.885917306E+00	1.212440000E-03
6.895380249E+02	1.885466933E+00	1.237710000E-03
6.901619873E+02	1.884446740E+00	1.259440000E-03
6.907869873E+02	1.883015990E+00	1.278450000E-03
6.914119873E+02	1.881273746E+00	1.295520000E-03
6.920380249E+02	1.879299879E+00	1.311160000E-03
6.926649780E+02	1.877127051E+00	1.325740000E-03
6.932929688E+02	1.874782085E+00	1.339520000E-03
6.939219971E+02	1.872278214E+00	1.352650000E-03
6.945509644E+02	1.869615197E+00	1.365190000E-03
6.951820068E+02	1.866806507E+00	1.377130000E-03
6.958129883E+02	1.863845587E+00	1.388510000E-03
6.964450073E+02	1.860752106E+00	1.399430000E-03
6.970780029E+02	1.857519507E+00	1.409950000E-03
6.977109985E+02	1.854154348E+00	1.420120000E-03
6.983460083E+02	1.850670099E+00	1.429990000E-03
6.989809570E+02	1.847066522E+00	1.439570000E-03
6.996170044E+02	1.843350410E+00	1.448810000E-03
7.002540283E+02	1.839528203E+00	1.457700000E-03
7.008909912E+02	1.835600019E+00	1.466260000E-03
7.015299683E+02	1.831592441E+00	1.474550000E-03
7.021690063E+02	1.827491999E+00	1.482580000E-03
7.028089600E+02	1.823325515E+00	1.490330000E-03
7.034500122E+02	1.819086075E+00	1.497820000E-03
7.040920410E+02	1.814780354E+00	1.505030000E-03
7.047340088E+02	1.810421586E+00	1.511970000E-03
7.053769531E+02	1.806016445E+00	1.518690000E-03
7.060209961E+02	1.801558375E+00	1.525180000E-03
7.066660156E+02	1.797067285E+00	1.531390000E-03
7.073109741E+02	1.792562842E+00	1.537320000E-03
7.079580078E+02	1.788071513E+00	1.542990000E-03
7.086049805E+02	1.783640027E+00	1.547670000E-03
7.092520142E+02	1.779526353E+00	1.550730000E-03
7.099010010E+02	1.775426030E+00	1.545870000E-03
7.105499878E+02	1.773226857E+00	1.531530000E-03
7.112000122E+02	1.773226857E+00	1.531530000E-03
VARIABLES = "x [mm]","p / p<sub>ref</sub>","C<sub>f,x</sub>"
ZONE T="SST-Vm, VULCAN"
4.363316667E+02	1.058310645E+00	1.546368879E-03
4.366333333E+02	1.058351692E+00	1.546297517E-03
4.369350000E+02	1.058393046E+00	1.546226037E-03
4.372366667E+02	1.058434720E+00	1.546154326E-03
4.375383333E+02	1.058476717E+00	1.546082555E-03
4.378400000E+02	1.058519031E+00	1.546011018E-03
4.381416667E+02	1.058561638E+00	1.545940005E-03
4.384433333E+02	1.058604497E+00	1.545870039E-03
4.387450000E+02	1.058647535E+00	1.545801703E-03
4.390466667E+02	1.058690665E+00	1.545735637E-03
4.393483333E+02	1.058733803E+00	1.545672365E-03
4.396500000E+02	1.058776839E+00	1.545612062E-03
4.399516667E+02	1.058819651E+00	1.545554145E-03
4.402533333E+02	1.058862179E+00	1.545497742E-03
4.405550000E+02	1.058904405E+00	1.545442037E-03
4.408566667E+02	1.058946339E+00	1.545386157E-03
4.411583333E+02	1.058988043E+00	1.545329521E-03
4.414600000E+02	1.059029590E+00	1.545271488E-03
4.417616667E+02	1.059071078E+00	1.545211767E-03
4.420633333E+02	1.059112608E+00	1.545150183E-03
4.423650000E+02	1.059154269E+00	1.545086504E-03
4.426666667E+02	1.059196159E+00	1.545020555E-03
4.429683333E+02	1.059238377E+00	1.544952277E-03
4.432700000E+02	1.059281019E+00	1.544881788E-03
4.435716667E+02	1.059324167E+00	1.544809261E-03
4.438733333E+02	1.059367878E+00	1.544735162E-03
4.441750000E+02	1.059412186E+00	1.544660074E-03
4.444766667E+02	1.059457080E+00	1.544584695E-03
4.447783333E+02	1.059502520E+00	1.544509782E-03
4.450800000E+02	1.059548450E+00	1.544436207E-03
4.453816667E+02	1.059594777E+00	1.544364903E-03
4.456833333E+02	1.059641374E+00	1.544296451E-03
4.459850000E+02	1.059688100E+00	1.544231316E-03
4.462866667E+02	1.059734838E+00	1.544170082E-03
4.465883333E+02	1.059781434E+00	1.544112631E-03
4.468900000E+02	1.059827752E+00	1.544058439E-03
4.471916667E+02	1.059873693E+00	1.544006867E-03
4.474933333E+02	1.059919191E+00	1.543956925E-03
4.477950000E+02	1.059964237E+00	1.543907681E-03
4.480966667E+02	1.060008851E+00	1.543858554E-03
4.483983333E+02	1.060053064E+00	1.543809368E-03
4.487000000E+02	1.060096900E+00	1.543759775E-03
4.490016667E+02	1.060140404E+00	1.543709367E-03
4.493033333E+02	1.060183627E+00	1.543657795E-03
4.496050000E+02	1.060226650E+00	1.543604826E-03
4.499066667E+02	1.060269547E+00	1.543550111E-03
4.502083333E+02	1.060312393E+00	1.543493708E-03
4.505100000E+02	1.060355263E+00	1.543435791E-03
4.508116667E+02	1.060398213E+00	1.543376303E-03
4.511133333E+02	1.060441298E+00	1.543315359E-03
4.514150000E+02	1.060484565E+00	1.543253077E-03
4.517166667E+02	1.060528057E+00	1.543189747E-03
4.520183333E+02	1.060571806E+00	1.543125485E-03
4.523200000E+02	1.060615838E+00	1.543060467E-03
4.526216667E+02	1.060660172E+00	1.542994925E-03
4.529233333E+02	1.060704818E+00	1.542929092E-03
4.532250000E+02	1.060749773E+00	1.542863201E-03
4.535266667E+02	1.060795032E+00	1.542797310E-03
4.538283333E+02	1.060840584E+00	1.542731710E-03
4.541300000E+02	1.060886413E+00	1.542666692E-03
4.544316667E+02	1.060932495E+00	1.542602256E-03
4.547333333E+02	1.060978806E+00	1.542538460E-03
4.550350000E+02	1.061025323E+00	1.542475363E-03
4.553366667E+02	1.061072019E+00	1.542413023E-03
4.556383333E+02	1.061118874E+00	1.542351323E-03
4.559400000E+02	1.061165867E+00	1.542290204E-03
4.562416667E+02	1.061212981E+00	1.542229727E-03
4.565433333E+02	1.061260202E+00	1.542169831E-03
4.568450000E+02	1.061307515E+00	1.542110401E-03
4.571466667E+02	1.061354910E+00	1.542051378E-03
4.574483333E+02	1.061402376E+00	1.541992766E-03
4.577500000E+02	1.061449904E+00	1.541934558E-03
4.580516667E+02	1.061497484E+00	1.541876700E-03
4.583533333E+02	1.061545111E+00	1.541819135E-03
4.586550000E+02	1.061592776E+00	1.541761859E-03
4.589566667E+02	1.061640472E+00	1.541704873E-03
4.592583333E+02	1.061688194E+00	1.541648179E-03
4.595600000E+02	1.061735935E+00	1.541591776E-03
4.598616667E+02	1.061783689E+00	1.541535663E-03
4.601633333E+02	1.061831449E+00	1.541479726E-03
4.604650000E+02	1.061879213E+00	1.541424021E-03
4.607666667E+02	1.061926975E+00	1.541368549E-03
4.610683333E+02	1.061974734E+00	1.541313193E-03
4.613700000E+02	1.062022487E+00	1.541258012E-03
4.616716667E+02	1.062070234E+00	1.541202890E-03
4.619733333E+02	1.062117981E+00	1.541147592E-03
4.622750000E+02	1.062165744E+00	1.541091946E-03
4.625766667E+02	1.062213554E+00	1.541035484E-03
4.628783333E+02	1.062261483E+00	1.540977160E-03
4.631800000E+02	1.062309673E+00	1.540915053E-03
4.634816667E+02	1.062358392E+00	1.540845611E-03
4.637833333E+02	1.062408153E+00	1.540762142E-03
4.640850000E+02	1.062459923E+00	1.540652072E-03
4.643866667E+02	1.062515542E+00	1.540491653E-03
4.646883333E+02	1.062578506E+00	1.540235774E-03
4.649900000E+02	1.062655371E+00	1.539799744E-03
4.652916667E+02	1.062758478E+00	1.539024017E-03
4.655933333E+02	1.062911132E+00	1.537607720E-03
4.658950000E+02	1.063157419E+00	1.534985252E-03
4.661966667E+02	1.063580071E+00	1.530101778E-03
4.664983333E+02	1.064333737E+00	1.521003744E-03
4.668000000E+02	1.065705463E+00	1.504135249E-03
4.671016667E+02	1.068218709E+00	1.473235428E-03
4.674033333E+02	1.072799447E+00	1.417917674E-03
4.677050000E+02	1.080988922E+00	1.322814989E-03
4.680066667E+02	1.095060132E+00	1.169849756E-03
4.683083333E+02	1.117616196E+00	9.470916702E-04
4.686100000E+02	1.150036219E+00	6.641831227E-04
4.689116667E+02	1.190009411E+00	3.683946712E-04
4.692133333E+02	1.233150808E+00	1.145132853E-04
4.695150000E+02	1.276548749E+00	-7.603586421E-05
4.698166667E+02	1.318409842E+00	-2.047871280E-04
4.701183333E+02	1.357148320E+00	-2.840667841E-04
4.704200000E+02	1.392120525E+00	-3.292771583E-04
4.707216667E+02	1.423377752E+00	-3.527341341E-04
4.710233333E+02	1.451187764E+00	-3.636270502E-04
4.713250000E+02	1.476007794E+00	-3.677078267E-04
4.716266667E+02	1.498323351E+00	-3.680322823E-04
4.719283333E+02	1.518557541E+00	-3.657191877E-04
4.722300000E+02	1.536946080E+00	-3.623663446E-04
4.725316667E+02	1.553766530E+00	-3.591299875E-04
4.728333333E+02	1.569292211E+00	-3.565744486E-04
4.731350000E+02	1.583792382E+00	-3.537476239E-04
4.734366667E+02	1.597330715E+00	-3.508258937E-04
4.737383333E+02	1.610029472E+00	-3.480645602E-04
4.740400000E+02	1.621982456E+00	-3.457794356E-04
4.743416667E+02	1.633306522E+00	-3.437031335E-04
4.746433333E+02	1.644050855E+00	-3.418398026E-04
4.749450000E+02	1.654280495E+00	-3.402460275E-04
4.752466667E+02	1.664051565E+00	-3.388532486E-04
4.755483333E+02	1.673395356E+00	-3.379036983E-04
4.758500000E+02	1.682383012E+00	-3.371750028E-04
4.761516667E+02	1.691045977E+00	-3.362605094E-04
4.764533333E+02	1.699373807E+00	-3.355713817E-04
4.767550000E+02	1.707436449E+00	-3.350190905E-04
4.770566667E+02	1.715244057E+00	-3.343981732E-04
4.773583333E+02	1.722787816E+00	-3.340216730E-04
4.776600000E+02	1.730120065E+00	-3.336692411E-04
4.779616667E+02	1.737233660E+00	-3.334517407E-04
4.782633333E+02	1.744162842E+00	-3.331951516E-04
4.785650000E+02	1.750895992E+00	-3.330629223E-04
4.788666667E+02	1.757463442E+00	-3.329506962E-04
4.791683333E+02	1.763863482E+00	-3.328992176E-04
4.794700000E+02	1.770113230E+00	-3.328717840E-04
4.797716667E+02	1.776209466E+00	-3.330188939E-04
4.800733333E+02	1.782174230E+00	-3.331934418E-04
4.803750000E+02	1.787996777E+00	-3.335036890E-04
4.806766667E+02	1.793696869E+00	-3.338397224E-04
4.809783333E+02	1.799264364E+00	-3.342325159E-04
4.812800000E+02	1.804702877E+00	-3.346928921E-04
4.815816667E+02	1.810001525E+00	-3.353817486E-04
4.818833333E+02	1.815157234E+00	-3.366433963E-04
4.821850000E+02	1.820175172E+00	-3.391354147E-04
4.824866667E+02	1.825088092E+00	-3.437829177E-04
4.827883333E+02	1.829958127E+00	-3.512713193E-04
4.830900000E+02	1.834840745E+00	-3.622338833E-04
4.833916667E+02	1.839864285E+00	-3.778031336E-04
4.836933333E+02	1.845269469E+00	-3.981502038E-04
4.839950000E+02	1.851433303E+00	-4.200756438E-04
4.842966667E+02	1.858653969E+00	-4.372342337E-04
4.845983333E+02	1.866278223E+00	-4.476198060E-04
4.849000000E+02	1.874180735E+00	-4.567776366E-04
4.852016667E+02	1.882617377E+00	-4.652309758E-04
4.855033333E+02	1.891613530E+00	-4.715649573E-04
4.858050000E+02	1.901143536E+00	-4.751050650E-04
4.861066667E+02	1.911187415E+00	-4.762364055E-04
4.864083333E+02	1.921678823E+00	-4.743999058E-04
4.867100000E+02	1.932569276E+00	-4.687375992E-04
4.870116667E+02	1.943819240E+00	-4.596672517E-04
4.873133333E+02	1.955331884E+00	-4.473312621E-04
4.876150000E+02	1.967095546E+00	-4.324645157E-04
4.879166667E+02	1.978998792E+00	-4.149472487E-04
4.882183333E+02	1.991043992E+00	-3.953312512E-04
4.885200000E+02	2.003125838E+00	-3.734224745E-04
4.888216667E+02	2.015248125E+00	-3.496685923E-04
4.891233333E+02	2.027320499E+00	-3.239684319E-04
4.894250000E+02	2.039333379E+00	-2.966156109E-04
4.897266667E+02	2.051237216E+00	-2.677164104E-04
4.900283333E+02	2.062993656E+00	-2.374090258E-04
4.903300000E+02	2.074568133E+00	-2.058298112E-04
4.906316667E+02	2.085928394E+00	-1.731145899E-04
4.909333333E+02	2.097045202E+00	-1.393928496E-04
4.912350000E+02	2.107891608E+00	-1.047914428E-04
4.915366667E+02	2.118443578E+00	-6.942995801E-05
4.918383333E+02	2.128679326E+00	-3.342714308E-05
4.921400000E+02	2.138580249E+00	3.113296636E-06
4.924416667E+02	2.148129046E+00	4.008783369E-05
4.927433333E+02	2.157311836E+00	7.741118321E-05
4.930450000E+02	2.166115513E+00	1.149857156E-04
4.933466667E+02	2.174532047E+00	1.527296565E-04
4.936483333E+02	2.182553174E+00	1.905965626E-04
4.939500000E+02	2.190162718E+00	2.284336625E-04
4.942516667E+02	2.197361194E+00	2.662039194E-04
4.945533333E+02	2.204138357E+00	3.038261015E-04
4.948550000E+02	2.210496510E+00	3.412785799E-04
4.951566667E+02	2.216431559E+00	3.785145930E-04
4.954583333E+02	2.221941832E+00	4.154778210E-04
4.957600000E+02	2.227024962E+00	4.520836731E-04
4.960616667E+02	2.231685191E+00	4.882867763E-04
4.963633333E+02	2.235924840E+00	5.240401461E-04
4.966650000E+02	2.239749934E+00	5.593262285E-04
4.969666667E+02	2.243163690E+00	5.941104042E-04
4.972683333E+02	2.246173102E+00	6.283830772E-04
4.975700000E+02	2.248782288E+00	6.621141258E-04
4.978716667E+02	2.250999262E+00	6.953066483E-04
4.981733333E+02	2.252828268E+00	7.279336270E-04
4.984750000E+02	2.254278571E+00	7.600259660E-04
4.987766667E+02	2.255352871E+00	7.915270081E-04
4.990783333E+02	2.256073815E+00	8.225966655E-04
4.993800000E+02	2.256437427E+00	8.530900612E-04
4.996816667E+02	2.256405368E+00	8.827324268E-04
4.999833333E+02	2.256035368E+00	9.118764922E-04
5.002850000E+02	2.255350016E+00	9.404094375E-04
5.005866667E+02	2.254347261E+00	9.682488072E-04
5.008883333E+02	2.253035438E+00	9.953902269E-04
5.011900000E+02	2.251425193E+00	1.021836713E-03
5.014916667E+02	2.249527480E+00	1.047598791E-03
5.017933333E+02	2.247352788E+00	1.072691589E-03
5.020950000E+02	2.244911205E+00	1.097131828E-03
5.023966667E+02	2.242213046E+00	1.120939291E-03
5.026983333E+02	2.239268199E+00	1.144137258E-03
5.030000000E+02	2.236085875E+00	1.166747417E-03
5.033016667E+02	2.232675237E+00	1.188777011E-03
5.036033333E+02	2.229045816E+00	1.210227059E-03
5.039050000E+02	2.225207450E+00	1.231101722E-03
5.042066667E+02	2.221169686E+00	1.251404901E-03
5.045083333E+02	2.216941602E+00	1.271143923E-03
5.048100000E+02	2.212532241E+00	1.290329802E-03
5.051116667E+02	2.207950152E+00	1.308979236E-03
5.054133333E+02	2.203203119E+00	1.327107006E-03
5.057150000E+02	2.198298935E+00	1.344720573E-03
5.060166667E+02	2.193245589E+00	1.361825288E-03
5.063183333E+02	2.188051269E+00	1.378429234E-03
5.066200000E+02	2.182723895E+00	1.394546510E-03
5.069216667E+02	2.177270764E+00	1.410195504E-03
5.072233333E+02	2.171698480E+00	1.425397862E-03
5.075250000E+02	2.166012676E+00	1.440176997E-03
5.078266667E+02	2.160218270E+00	1.454554147E-03
5.081283333E+02	2.154319749E+00	1.468547528E-03
5.084300000E+02	2.148321388E+00	1.482170129E-03
5.087316667E+02	2.142227578E+00	1.495428699E-03
5.090333333E+02	2.136043083E+00	1.508325852E-03
5.093350000E+02	2.129773132E+00	1.520864449E-03
5.096366667E+02	2.123423126E+00	1.533051994E-03
5.099383333E+02	2.116998198E+00	1.544901173E-03
5.102400000E+02	2.110503003E+00	1.556427535E-03
5.105416667E+02	2.103941514E+00	1.567648131E-03
5.108433333E+02	2.097317120E+00	1.578578382E-03
5.111450000E+02	2.090632894E+00	1.589229182E-03
5.114466667E+02	2.083891790E+00	1.599606346E-03
5.117483333E+02	2.077096933E+00	1.609712433E-03
5.120500000E+02	2.070251703E+00	1.619551491E-03
5.123516667E+02	2.063359518E+00	1.629128924E-03
5.126533333E+02	2.056423628E+00	1.638453210E-03
5.129550000E+02	2.049447118E+00	1.647530639E-03
5.132566667E+02	2.042433172E+00	1.656364352E-03
5.135583333E+02	2.035385288E+00	1.664954345E-03
5.138600000E+02	2.028307231E+00	1.673295445E-03
5.141616667E+02	2.021202713E+00	1.681375715E-03
5.144633333E+02	2.014075159E+00	1.689179243E-03
5.147650000E+02	2.006927727E+00	1.696694808E-03
5.150666667E+02	1.999763736E+00	1.703921954E-03
5.153683333E+02	1.992586451E+00	1.710884424E-03
5.156700000E+02	1.985398161E+00	1.717611678E-03
5.159716667E+02	1.978199812E+00	1.724110991E-03
5.162733333E+02	1.970991553E+00	1.730368390E-03
5.165750000E+02	1.963774177E+00	1.736373053E-03
5.168766667E+02	1.956549402E+00	1.742135164E-03
5.171783333E+02	1.949319136E+00	1.747671193E-03
5.174800000E+02	1.942085319E+00	1.752987896E-03
5.177816667E+02	1.934849898E+00	1.758090453E-03
5.180833333E+02	1.927615471E+00	1.763001678E-03
5.183850000E+02	1.920384136E+00	1.767751784E-03
5.186866667E+02	1.913156653E+00	1.772351481E-03
5.189883333E+02	1.905933184E+00	1.776783540E-03
5.192900000E+02	1.898715319E+00	1.781025726E-03
5.195916667E+02	1.891506103E+00	1.785069132E-03
5.198933333E+02	1.884309022E+00	1.788921907E-03
5.201950000E+02	1.877126994E+00	1.792609371E-03
5.204966667E+02	1.869961462E+00	1.796164237E-03
5.207983333E+02	1.862812342E+00	1.799614677E-03
5.211000000E+02	1.855677766E+00	1.802966223E-03
5.214016667E+02	1.848556089E+00	1.806202867E-03
5.217033333E+02	1.841447626E+00	1.809305691E-03
5.220050000E+02	1.834354115E+00	1.812260842E-03
5.223066667E+02	1.827278031E+00	1.815066051E-03
5.226083333E+02	1.820221779E+00	1.817736274E-03
5.229100000E+02	1.813187026E+00	1.820301548E-03
5.232116667E+02	1.806173737E+00	1.822786496E-03
5.235133333E+02	1.799180395E+00	1.825192630E-03
5.238150000E+02	1.792205482E+00	1.827496493E-03
5.241166667E+02	1.785249756E+00	1.829677422E-03
5.244183333E+02	1.778315213E+00	1.831729653E-03
5.247200000E+02	1.771404198E+00	1.833666923E-03
5.250216667E+02	1.764517563E+00	1.835506638E-03
5.253233333E+02	1.757655496E+00	1.837264336E-03
5.256250000E+02	1.750817273E+00	1.838936121E-03
5.259266667E+02	1.744004052E+00	1.840518149E-03
5.262283333E+02	1.737216640E+00	1.842001981E-03
5.265300000E+02	1.730456192E+00	1.843381911E-03
5.268316667E+02	1.723723786E+00	1.844659513E-03
5.271333333E+02	1.717020587E+00	1.845849104E-03
5.274350000E+02	1.710345843E+00	1.846948065E-03
5.277366667E+02	1.703700434E+00	1.847956281E-03
5.280383333E+02	1.697084900E+00	1.848871887E-03
5.283400000E+02	1.690500519E+00	1.849701580E-03
5.286416667E+02	1.683948082E+00	1.850455019E-03
5.289433333E+02	1.677428013E+00	1.851141172E-03
5.292450000E+02	1.670940306E+00	1.851765506E-03
5.295466667E+02	1.664484323E+00	1.852327094E-03
5.298483333E+02	1.658059527E+00	1.852825001E-03
5.301500000E+02	1.651665397E+00	1.853263713E-03
5.304516667E+02	1.645300811E+00	1.853640897E-03
5.307533333E+02	1.638965808E+00	1.853960748E-03
5.310550000E+02	1.632660130E+00	1.854226872E-03
5.313566667E+02	1.626383695E+00	1.854443754E-03
5.316583333E+02	1.620135948E+00	1.854605510E-03
5.319600000E+02	1.613917805E+00	1.854714824E-03
5.322616667E+02	1.607729430E+00	1.854768023E-03
5.325633333E+02	1.601571909E+00	1.854766859E-03
5.328650000E+02	1.595445064E+00	1.854701022E-03
5.331666667E+02	1.589349196E+00	1.854558994E-03
5.334683333E+02	1.583285382E+00	1.854334598E-03
5.337700000E+02	1.577254837E+00	1.854036924E-03
5.340716667E+02	1.571258788E+00	1.853676206E-03
5.343733333E+02	1.565297492E+00	1.853255073E-03
5.346750000E+02	1.559371018E+00	1.852786380E-03
5.349766667E+02	1.553478801E+00	1.852277238E-03
5.352783333E+02	1.547620338E+00	1.851734331E-03
5.355800000E+02	1.541794854E+00	1.851160171E-03
5.358816667E+02	1.536002141E+00	1.850563247E-03
5.361833333E+02	1.530240734E+00	1.849946130E-03
5.364850000E+02	1.524509320E+00	1.849302872E-03
5.367866667E+02	1.518806947E+00	1.848625568E-03
5.370883333E+02	1.513133451E+00	1.847911781E-03
5.373900000E+02	1.507488622E+00	1.847166429E-03
5.376916667E+02	1.501871522E+00	1.846380106E-03
5.379933333E+02	1.496283217E+00	1.845566476E-03
5.382950000E+02	1.490721494E+00	1.844692960E-03
5.385966667E+02	1.485193129E+00	1.843844921E-03
5.388983333E+02	1.479684675E+00	1.842889460E-03
5.392000000E+02	1.474212124E+00	1.841852545E-03
5.395000000E+02	1.468810278E+00	1.840922099E-03
5.398008820E+02	1.463406522E+00	1.839926681E-03
5.401026478E+02	1.458016400E+00	1.838889705E-03
5.404052988E+02	1.452638708E+00	1.837809322E-03
5.407088368E+02	1.447273976E+00	1.836685722E-03
5.410132634E+02	1.441922406E+00	1.835518117E-03
5.413185802E+02	1.436584656E+00	1.834309553E-03
5.416247888E+02	1.431260873E+00	1.833058961E-03
5.419318909E+02	1.425951860E+00	1.831769306E-03
5.422398882E+02	1.420657882E+00	1.830438676E-03
5.425487821E+02	1.415380031E+00	1.829069196E-03
5.428585743E+02	1.410118742E+00	1.827660751E-03
5.431692664E+02	1.404874786E+00	1.826213284E-03
5.434808600E+02	1.399648595E+00	1.824722766E-03
5.437933568E+02	1.394441090E+00	1.823190470E-03
5.441067583E+02	1.389252616E+00	1.821616771E-03
5.444210660E+02	1.384083837E+00	1.820002813E-03
5.447362817E+02	1.378935257E+00	1.818350520E-03
5.450524068E+02	1.373807233E+00	1.816661602E-03
5.453694429E+02	1.368699916E+00	1.814938468E-03
5.456873916E+02	1.363613360E+00	1.813182773E-03
5.460062546E+02	1.358547766E+00	1.811399238E-03
5.463260332E+02	1.353503092E+00	1.809593363E-03
5.466467292E+02	1.348479053E+00	1.807769414E-03
5.469683440E+02	1.343475191E+00	1.805928931E-03
5.472908792E+02	1.338491093E+00	1.804073679E-03
5.476143363E+02	1.333526124E+00	1.802202225E-03
5.479387170E+02	1.328579969E+00	1.800312025E-03
5.482640226E+02	1.323652089E+00	1.798398160E-03
5.485902548E+02	1.318742057E+00	1.796456334E-03
5.489174150E+02	1.313849978E+00	1.794487567E-03
5.492455048E+02	1.308975809E+00	1.792491345E-03
5.495745257E+02	1.304119895E+00	1.790467857E-03
5.499044792E+02	1.299282320E+00	1.788414290E-03
5.502353668E+02	1.294463533E+00	1.786330947E-03
5.505671900E+02	1.289663572E+00	1.784218541E-03
5.508999502E+02	1.284882912E+00	1.782079283E-03
5.512336491E+02	1.280121938E+00	1.779916657E-03
5.515682880E+02	1.275380861E+00	1.777733152E-03
5.519038684E+02	1.270659709E+00	1.775528247E-03
5.522403918E+02	1.265958718E+00	1.773301633E-03
5.525778597E+02	1.261277995E+00	1.771053077E-03
5.529162735E+02	1.256617785E+00	1.768781947E-03
5.532556346E+02	1.251978403E+00	1.766486351E-03
5.535959446E+02	1.247360444E+00	1.764167029E-03
5.539372048E+02	1.242764213E+00	1.761821602E-03
5.542794167E+02	1.238190372E+00	1.759449382E-03
5.546225816E+02	1.233639255E+00	1.757050392E-03
5.549667011E+02	1.229111275E+00	1.754623855E-03
5.553117766E+02	1.224606935E+00	1.752170679E-03
5.556578093E+02	1.220126714E+00	1.749694551E-03
5.560048009E+02	1.215670648E+00	1.747199408E-03
5.563527525E+02	1.211238810E+00	1.744690412E-03
5.567016657E+02	1.206830848E+00	1.742171347E-03
5.570515418E+02	1.202446313E+00	1.739644523E-03
5.574023821E+02	1.198084839E+00	1.737112664E-03
5.577541881E+02	1.193745961E+00	1.734578156E-03
5.581069612E+02	1.189429147E+00	1.732041637E-03
5.584607025E+02	1.185133997E+00	1.729504187E-03
5.588154136E+02	1.180859983E+00	1.726962075E-03
5.591710957E+02	1.176607044E+00	1.724413599E-03
5.595277502E+02	1.172374957E+00	1.721854391E-03
5.598853784E+02	1.168164001E+00	1.719280185E-03
5.602439816E+02	1.163974519E+00	1.716687314E-03
5.606035611E+02	1.159807314E+00	1.714075008E-03
5.609641183E+02	1.155662792E+00	1.711440165E-03
5.613256543E+02	1.151542051E+00	1.708783352E-03
5.616881706E+02	1.147445562E+00	1.706101149E-03
5.620516684E+02	1.143374585E+00	1.703392003E-03
5.624161489E+02	1.139329980E+00	1.700654828E-03
5.627816135E+02	1.135313029E+00	1.697890743E-03
5.631480633E+02	1.131324617E+00	1.695092687E-03
5.635154997E+02	1.127366793E+00	1.692254020E-03
5.638839238E+02	1.123441432E+00	1.689377968E-03
5.642533370E+02	1.119549965E+00	1.686464792E-03
5.646237404E+02	1.115693715E+00	1.683519683E-03
5.649951352E+02	1.111873143E+00	1.680540110E-03
5.653675226E+02	1.108088936E+00	1.677527233E-03
5.657409039E+02	1.104341596E+00	1.674476572E-03
5.661152803E+02	1.100632721E+00	1.671397880E-03
5.664906528E+02	1.096962847E+00	1.668291102E-03
5.668670228E+02	1.093333391E+00	1.665147846E-03
5.672443913E+02	1.089746678E+00	1.661957416E-03
5.676227595E+02	1.086205372E+00	1.658724624E-03
5.680021286E+02	1.082711515E+00	1.655453077E-03
5.683824997E+02	1.079267140E+00	1.652145056E-03
5.687638740E+02	1.075874308E+00	1.648798501E-03
5.691462524E+02	1.072535290E+00	1.645410103E-03
5.695296363E+02	1.069252754E+00	1.641974964E-03
5.699140266E+02	1.066029529E+00	1.638490487E-03
5.702994245E+02	1.062868776E+00	1.634953533E-03
5.706858310E+02	1.059773532E+00	1.631361715E-03
5.710732472E+02	1.056747258E+00	1.627713373E-03
5.714616742E+02	1.053793289E+00	1.624007227E-03
5.718511130E+02	1.050915280E+00	1.620242797E-03
5.722415647E+02	1.048116647E+00	1.616421769E-03
5.726330304E+02	1.045401027E+00	1.612546394E-03
5.730255109E+02	1.042771561E+00	1.608618630E-03
5.734190075E+02	1.040231767E+00	1.604642209E-03
5.738135210E+02	1.037784540E+00	1.600619581E-03
5.742090524E+02	1.035433265E+00	1.596557512E-03
5.746056029E+02	1.033180114E+00	1.592459095E-03
5.750031732E+02	1.031028157E+00	1.588334533E-03
5.754017644E+02	1.028978818E+00	1.584185395E-03
5.758013775E+02	1.027034983E+00	1.580025296E-03
5.762020134E+02	1.025197167E+00	1.575854506E-03
5.766036730E+02	1.023467729E+00	1.571687419E-03
5.770063572E+02	1.021846550E+00	1.567524039E-03
5.774100670E+02	1.020335538E+00	1.563377860E-03
5.778148033E+02	1.018934103E+00	1.559247782E-03
5.782205670E+02	1.017643654E+00	1.555143516E-03
5.786273589E+02	1.016463555E+00	1.551066352E-03
5.790351799E+02	1.015394501E+00	1.547018603E-03
5.794440308E+02	1.014436496E+00	1.543008227E-03
5.798539126E+02	1.013589118E+00	1.539026046E-03
5.802648261E+02	1.012853734E+00	1.535091728E-03
5.806767721E+02	1.012227955E+00	1.531170817E-03
5.810897513E+02	1.011715878E+00	1.527320283E-03
5.815037647E+02	1.011308741E+00	1.523457695E-03
5.819188129E+02	1.011018034E+00	1.519730262E-03
5.823348968E+02	1.010824207E+00	1.515964967E-03
5.827520172E+02	1.010745312E+00	1.512312207E-03
5.831701748E+02	1.010782661E+00	1.508950160E-03
5.835893704E+02	1.010899010E+00	1.505595860E-03
5.840096046E+02	1.011099287E+00	1.502363058E-03
